5.053734310310563638e-01 -8.328486988519616219e+00
5.054004658435655717e-01 -8.284106519514507383e+00
5.054396175186036677e-01 -8.239727999536015091e+00
5.054400253942314958e-01 -8.195289771870282181e+00
5.054583591866824710e-01 -8.150924649156193524e+00
5.054584425559190963e-01 -8.106555773622261540e+00
5.054820931315568977e-01 -8.062167054264978816e+00
5.054291810969574472e-01 -8.017807784679055416e+00
5.054808247272337685e-01 -7.973417272811021306e+00
5.054700495474050426e-01 -7.928987991554682146e+00
5.055063514446290762e-01 -7.884579302157425751e+00
5.055011769224826423e-01 -7.840208019361646130e+00
5.054930576382834495e-01 -7.795891007208898493e+00
5.054270108330984890e-01 -7.751434818081431644e+00
5.054777133529827493e-01 -7.707102673532340908e+00
5.054332243747619025e-01 -7.662722519702489521e+00
5.054537186758735201e-01 -7.618297432630277477e+00
5.054602157465554191e-01 -7.573984482367123405e+00
5.054454268966244168e-01 -7.529592506319152889e+00
5.053848858055237647e-01 -7.485215127616440256e+00
5.053434196397341704e-01 -7.440841309554516059e+00
5.053386019106597127e-01 -7.396445146257272896e+00
5.053225194235926310e-01 -7.352081904480336938e+00
5.053349602519560113e-01 -7.307701733080286921e+00
5.052702333785170641e-01 -7.263327770864690613e+00
5.052699280502638279e-01 -7.218956106090702818e+00
5.052181860551584469e-01 -7.174528839918031586e+00
5.052162282744389055e-01 -7.130204555031403935e+00
5.051872207767730272e-01 -7.085812175526661427e+00
5.051609018127748429e-01 -7.041475421403217361e+00
5.050943448073184072e-01 -6.997024834343750221e+00
5.050137233670007886e-01 -6.952721849664121656e+00
5.049866528283465383e-01 -6.908327554144600313e+00
5.049548730677311248e-01 -6.863961315786881734e+00
5.049145873944850260e-01 -6.819614706958749828e+00
5.048321191369876670e-01 -6.775223391948115292e+00
5.047861839598960509e-01 -6.730859712657192517e+00
5.047496985055094365e-01 -6.686486648164828850e+00
5.047009331538271359e-01 -6.642162617543139191e+00
5.046521553328964238e-01 -6.597746479476719550e+00
5.045309634980056357e-01 -6.553438512206997579e+00
5.045482403233028101e-01 -6.509057442063300059e+00
5.044695975009954036e-01 -6.464681264270670802e+00
5.043914612371038775e-01 -6.420308140898236537e+00
5.043177901501076921e-01 -6.376024798891198664e+00
5.042657833001301659e-01 -6.331646191765442744e+00
5.041344689670597123e-01 -6.287299891305279331e+00
5.040923240110545267e-01 -6.242964411076241227e+00
5.039404797496792598e-01 -6.198579836244054952e+00
5.039206232507773553e-01 -6.154237527313854095e+00
5.038379718435083143e-01 -6.109944223041770428e+00
5.036938026550220604e-01 -6.065584365226136754e+00
5.036212988896996423e-01 -6.021255871983622221e+00
5.034964810338117269e-01 -5.976939998224040096e+00
5.034434761152373206e-01 -5.932610382958807271e+00
5.033371371585275700e-01 -5.888256376295953665e+00
5.032284705227427768e-01 -5.844005081703086191e+00
5.030455453306794666e-01 -5.799678582954546968e+00
5.029994718104873197e-01 -5.755349655696416100e+00
5.028148501569076334e-01 -5.711025720784145498e+00
5.027391787459483119e-01 -5.666703281384873669e+00
5.026375121777333366e-01 -5.622439641578827363e+00
5.024521651248836651e-01 -5.578114719645865804e+00
5.023063489134791393e-01 -5.533823398375855795e+00
5.021825865123515920e-01 -5.489505759635663118e+00
5.020732853958581599e-01 -5.445221225378269025e+00
5.019627159257484816e-01 -5.400986156903356594e+00
5.017895644091461271e-01 -5.356711747090134423e+00
5.016614185019346861e-01 -5.312417499315674085e+00
5.014680874459267468e-01 -5.268167056620916888e+00
5.012750839495848654e-01 -5.223867951242755936e+00
5.011559555987104009e-01 -5.179600330796464647e+00
5.009403641791243533e-01 -5.135374391292510943e+00
5.007603110807079538e-01 -5.091115489107495229e+00
5.005751035005374661e-01 -5.046820015104278134e+00
5.003866818639954861e-01 -5.002551546340975541e+00
5.001946898335314362e-01 -4.958369525715370152e+00
4.999436471846115393e-01 -4.914030739987892638e+00
4.994892930699005862e-01 -4.869501337413509212e+00
4.991540491052918194e-01 -4.825029798077409282e+00
4.987681306160183237e-01 -4.780540668500189661e+00
4.984706675000908915e-01 -4.736004800405294368e+00
4.980914842725960301e-01 -4.691584847814366022e+00
4.977970084085985847e-01 -4.647107542641008671e+00
4.975151985767929941e-01 -4.602637814334750388e+00
4.972250840672616246e-01 -4.558110602704389613e+00
4.968667241470408613e-01 -4.513664920105028067e+00
4.965745018259572485e-01 -4.469218774960900475e+00
4.963087221136723848e-01 -4.424761169498033553e+00
4.960509411849923778e-01 -4.380285518844669213e+00
4.957591547892853945e-01 -4.335894474067308657e+00
4.954897044107639537e-01 -4.291479654359743101e+00
4.951821547089534370e-01 -4.247066689381531646e+00
4.949306277227577544e-01 -4.202604080815748766e+00
4.947178422657501629e-01 -4.158244310356710827e+00
4.944521756512730848e-01 -4.113826972974139018e+00
4.942367547609823331e-01 -4.069391291753221118e+00
4.939935547880456301e-01 -4.024966278893842286e+00
4.938096163579457909e-01 -3.980541564445433611e+00
4.935634335836412978e-01 -3.936181714747503335e+00
4.934338543159274559e-01 -3.891840226678212833e+00
4.931670384272878183e-01 -3.847369986854319635e+00
4.930320214528647882e-01 -3.803038967983195295e+00
4.928424805146117693e-01 -3.758639583519194360e+00
4.926871978235558558e-01 -3.714248692345581304e+00
4.925113622313710970e-01 -3.669850165892865501e+00
4.923128136163874013e-01 -3.625474214624562652e+00
4.921955964019664731e-01 -3.581107408487340216e+00
4.920002271083497858e-01 -3.536744106133227650e+00
4.919385062865720415e-01 -3.492339477563325190e+00
4.917993357981342295e-01 -3.448026439330476922e+00
4.916222008544665623e-01 -3.403582381887780173e+00
4.914792985239924139e-01 -3.359252942710379664e+00
4.914510192387864795e-01 -3.314833534800228243e+00
4.912578375400337150e-01 -3.270514643069295957e+00
4.912297594767567888e-01 -3.226080906224457312e+00
4.911069664654305056e-01 -3.181777112594342594e+00
4.909706480989232125e-01 -3.137330287887253100e+00
4.909549598888368616e-01 -3.093005433675414473e+00
4.908163683373111263e-01 -3.048631028223528272e+00
4.907817313472994103e-01 -3.004244374757738978e+00
4.906957488149331637e-01 -2.959852872100162902e+00
4.906504985114977235e-01 -2.915518139901451367e+00
4.905645580328991118e-01 -2.871135821741635397e+00
4.905373554920101076e-01 -2.826787511631971839e+00
4.904931032915347267e-01 -2.782406313468479997e+00
4.903918854569949692e-01 -2.738043244412247113e+00
4.903679109989844687e-01 -2.693656734859500190e+00
4.902872629607952781e-01 -2.649301274293431430e+00
4.903280654096703883e-01 -2.604881965860998072e+00
4.902219873258857330e-01 -2.560511639562986996e+00
4.902262702505773562e-01 -2.516159230082492648e+00
4.902053490487234266e-01 -2.471767854275034981e+00
4.902129170374631140e-01 -2.427438774559160795e+00
4.901740652079552008e-01 -2.383072761834487796e+00
4.901306340187350230e-01 -2.338733159434059239e+00
4.901606814479109175e-01 -2.294350264972724762e+00
4.901210527171147580e-01 -2.249981502582629300e+00
4.901449511596284725e-01 -2.205544792989759806e+00
4.900974145093285328e-01 -2.161204351367748355e+00
4.901035467820087921e-01 -2.116880042740576506e+00
4.901079921412964113e-01 -2.072482737741733416e+00
4.901679375461634458e-01 -2.028074323253561406e+00
4.901686384031446186e-01 -1.983706648135049155e+00
4.901524141208586371e-01 -1.939370284213353779e+00
4.902095351946169632e-01 -1.894976184665989383e+00
4.901429982027853405e-01 -1.850608563559259956e+00
4.902345367017573174e-01 -1.806248759219387212e+00
4.902701572907630645e-01 -1.761937589830468553e+00
4.902772982985530437e-01 -1.717492847069736595e+00
4.902917709712050764e-01 -1.673128475571168394e+00
4.903361743280533203e-01 -1.628816079765671221e+00
4.903479859187196976e-01 -1.584464096006716671e+00
4.904021460891140882e-01 -1.540034399358391815e+00
4.903958266741751948e-01 -1.495700737475015085e+00
4.904438959224244332e-01 -1.451299019243645461e+00
4.904807980573334669e-01 -1.407008429538449734e+00
4.904858442271368690e-01 -1.362639639860633967e+00
4.905242418344937794e-01 -1.318253805615849927e+00
4.906436108289868314e-01 -1.273903318284700381e+00
4.906615196769447684e-01 -1.229471576300550595e+00
4.906997907111903534e-01 -1.185119918197131472e+00
4.907432573332413117e-01 -1.140813524230565701e+00
4.908130988476790413e-01 -1.096424532403923235e+00
4.908183076512052656e-01 -1.052041081854505178e+00
4.908646969129842885e-01 -1.007725884698480234e+00
4.909882396310427111e-01 -9.633163725878828298e-01
4.910052361979915792e-01 -9.189432772237228209e-01
4.910673561437023937e-01 -8.745780595504577537e-01
4.911912838404745019e-01 -8.302155744440157248e-01
4.912425749752225568e-01 -7.858985956858454136e-01
4.912794254275500427e-01 -7.415321946021861121e-01
4.913251688842807385e-01 -6.971102557317425674e-01
4.914478189854778467e-01 -6.527548796206391613e-01
4.915029101196886629e-01 -6.083881678551665839e-01
4.915622504529498227e-01 -5.640439704111374075e-01
4.916755249475101008e-01 -5.196889562427444709e-01
4.917617147180722292e-01 -4.753525572237228825e-01
4.917920362579534244e-01 -4.309400417826678154e-01
4.918421034019141436e-01 -3.865958665547638562e-01
4.920007080553258638e-01 -3.421966038537925803e-01
4.920823831880289378e-01 -2.979011572218374093e-01
4.921132367721308132e-01 -2.534785865896275192e-01
4.922247552259301773e-01 -2.091518056654293745e-01
4.922764451699869204e-01 -1.647877812714854673e-01
4.923999274644567103e-01 -1.203935443668927990e-01
4.924921735059630268e-01 -7.608676711712117346e-02
4.925646340045414795e-01 -3.166808476800671290e-02
4.926433745553925325e-01 1.268820172822463302e-02
4.927356775251499066e-01 5.702635962226668825e-02
4.928295844802216830e-01 1.013659395841483291e-01
4.929265077035723808e-01 1.457761008777316847e-01
4.930562333204734360e-01 1.901681776459781814e-01
4.931550545470313462e-01 2.345261580195773243e-01
4.932763202045063466e-01 2.788479914274987759e-01
4.933317558180386198e-01 3.232184126705005545e-01
4.935084078277018338e-01 3.675793605419180876e-01
4.935564820096465799e-01 4.119085247041187059e-01
4.936551584049941876e-01 4.563163552961473912e-01
4.938012484228284649e-01 5.006911437478748228e-01
4.808358319548974857e-01 5.006349822745288503e-01
4.677968963267631342e-01 5.006385217135344012e-01
4.548356555702616766e-01 5.005915313238256115e-01
4.418797831497640605e-01 5.006005981686483253e-01
4.289423490710211895e-01 5.005610915600244848e-01
4.159200613789528767e-01 5.005512114467235429e-01
4.029696639786521928e-01 5.004392331498725977e-01
3.899785619299045991e-01 5.004389003301473737e-01
3.770219307973282641e-01 5.003909044557551811e-01
3.640813825174830654e-01 5.003581470645543927e-01
3.511321192881150521e-01 5.003723712634111642e-01
3.381529080014092914e-01 5.003541588746818203e-01
3.251583959977328298e-01 5.002775425758871908e-01
3.122633290222514568e-01 5.003232190058016782e-01
2.992818812012394414e-01 5.002731664622652730e-01
2.863122536723964329e-01 5.002474703257644428e-01
2.733163317820678784e-01 5.002155455104053683e-01
2.604313227400640862e-01 5.001257880968094094e-01
2.474695435667644272e-01 5.001670432084264206e-01
2.345247003138107578e-01 5.000831498680269327e-01
2.215561934013672851e-01 5.000439266167399088e-01
2.085502249701141619e-01 5.000081809947461986e-01
1.955944237420423060e-01 4.999838285881140765e-01
1.826541552635051469e-01 4.999715234003977993e-01
1.697029360011062804e-01 4.998987965506239139e-01
1.567715050766138596e-01 4.999420802970951372e-01
1.438104390706053670e-01 4.998696118998270932e-01
1.308915052619737118e-01 4.998638789456710807e-01
1.179352132058951313e-01 4.998545785063059355e-01
1.050346134308914603e-01 4.997493235207670081e-01
9.208960813929351064e-02 4.997199286513916427e-01
7.914837069389057955e-02 4.996916200126104712e-01
6.619752660555067170e-02 4.996403920183905556e-01
5.330486199893887805e-02 4.996064862990109989e-01
4.036244429923699362e-02 4.995686819324410277e-01
2.736820165290333035e-02 4.995960990565637139e-01
1.450034026396749762e-02 4.995147343340526347e-01
1.553511638744286020e-03 4.994997563904786109e-01
-1.143840113036173958e-02 4.995039836749582407e-01
-2.430436729143093180e-02 4.994123337477926472e-01
-3.725665200209441613e-02 4.993851392599741867e-01
-5.016520973207647810e-02 4.993831999287014489e-01
-6.312776941445734369e-02 4.993665324502933878e-01
-7.608283363654010090e-02 4.992760259786643284e-01
-8.900007702567917789e-02 4.993046791910118465e-01
-1.019082088656986657e-01 4.992676948915820145e-01
-1.148252125658450196e-01 4.992223391668494936e-01
-1.277470777884459896e-01 4.991695457285304505e-01
-1.406400964411128052e-01 4.991125739037628462e-01
-1.535695209862561195e-01 4.991290191412831589e-01
-1.665245452120324154e-01 4.990770037338292386e-01
-1.793793711091258014e-01 4.990793264363198034e-01
-1.923407109229448020e-01 4.989658455854673047e-01
-2.052040623406433395e-01 4.989443279484867544e-01
-2.181564625402362956e-01 4.989208844820759992e-01
-2.311073418736746821e-01 4.989315542191338770e-01
-2.439578466661657952e-01 4.988891863813035843e-01
-2.569189369582474125e-01 4.988354189497880564e-01
-2.697488786854846943e-01 4.988452622147080961e-01
-2.826660423247072118e-01 4.987710505991246879e-01
-2.955665230218110784e-01 4.987331220157611988e-01
-3.084751606282045144e-01 4.987135188081187054e-01
-3.213797174424742331e-01 4.986837649969544928e-01
-3.342953768724449826e-01 4.986959620019112971e-01
-3.472402164571937178e-01 4.986667569061062899e-01
-3.601064696223494899e-01 4.985597822507757404e-01
-3.730263272129799579e-01 4.985987447864678734e-01
-3.859435772690306132e-01 4.985525874276969804e-01
-3.987916937648453564e-01 4.985293771223727188e-01
-4.116553123990941421e-01 4.985284389939788063e-01
-4.245609380819858614e-01 4.984350412251709050e-01
-4.374535030581961914e-01 4.984561960923072355e-01
-4.503276150323557991e-01 4.983875256948104293e-01
-4.632148969560721530e-01 4.983578287455505684e-01
-4.761868649157297018e-01 4.983116118786210524e-01
-4.890143243021942143e-01 4.983672414401441597e-01
-5.019585615140607082e-01 4.983459359361521734e-01
-5.147874115178819876e-01 4.982336561969219479e-01
-5.277044606450669306e-01 4.982133318561372537e-01
-5.405847632136990821e-01 4.982696664852712676e-01
-5.534058594225486072e-01 4.981708365629525792e-01
-5.662913208755964156e-01 4.982145648106010016e-01
-5.792264555959493189e-01 4.981723395117649278e-01
-5.921174473999164523e-01 4.981428130812910471e-01
-6.049393977052304194e-01 4.981446374366094720e-01
-6.178619513071258451e-01 4.981386754232079994e-01
-6.306856002231380209e-01 4.980825551402064399e-01
-6.435501695411779410e-01 4.980913700225031993e-01
-6.564505068926860254e-01 4.980917738483125468e-01
-6.692921082004371636e-01 4.980581156554431121e-01
-6.821567859893971075e-01 4.980117435076201748e-01
-6.950432366010401708e-01 4.979669295739235224e-01
-7.078879073406485478e-01 4.979436768318938888e-01
-7.208031347137030531e-01 4.979332253380150952e-01
-7.336227709960988497e-01 4.979530617652050406e-01
-7.465326957916723627e-01 4.979672197781581655e-01
-7.593405257664771479e-01 4.979326469169475522e-01
-7.722151847764638921e-01 4.979250837453881307e-01
-7.850388939084816942e-01 4.979000626304009858e-01
-7.979256933443007460e-01 4.978831810749657083e-01
-8.107826034405892779e-01 4.979463085193309158e-01
-8.235987717403470132e-01 4.979031035947116823e-01
-8.365141095914800928e-01 4.979139111647556404e-01
-8.493153563260533723e-01 4.978793989428458300e-01
-8.621754133032836220e-01 4.979151751333411591e-01
-8.750368128816631286e-01 4.978649890496117947e-01
-8.878401344803571460e-01 4.978441092137651514e-01
-9.007315863621662144e-01 4.979287616750018297e-01
-9.135882519379323607e-01 4.979303345618253940e-01
-9.264561514883321580e-01 4.979227882980761799e-01
-9.392542597537137938e-01 4.979132237473355982e-01
-9.520942613240911401e-01 4.979242249031649026e-01
-9.649092212151046954e-01 4.979211584294527815e-01
-9.777525310109298484e-01 4.979504492406252036e-01
-9.906497780151195531e-01 4.979709848629360058e-01
-1.003478098908436866e+00 4.979301370624840684e-01
-1.016236253210860196e+00 4.979632932966480130e-01
-1.029075882302541434e+00 4.980167658320147073e-01
-1.041931198172177941e+00 4.980110425260332874e-01
-1.054803522387552484e+00 4.980148042512961282e-01
-1.067641223576476506e+00 4.980454415185776029e-01
-1.080465986935940759e+00 4.980837092747120165e-01
-1.093213512194237014e+00 4.980888393247318024e-01
-1.106049670648642014e+00 4.980573487513844655e-01
-1.118925429694942020e+00 4.981403159509013023e-01
-1.131743551365239409e+00 4.981391930773002574e-01
-1.144506199289545112e+00 4.981670454364374168e-01
-1.157340409416054872e+00 4.982489464203150864e-01
-1.170197595237959298e+00 4.982857287436004423e-01
-1.183037948743041357e+00 4.982753235885773457e-01
-1.195840617796382288e+00 4.983476034585357928e-01
-1.208661698419057462e+00 4.983845158487479332e-01
-1.221422464869573732e+00 4.984467867734752033e-01
-1.234242071042076727e+00 4.984694030607068616e-01
-1.247071037625733236e+00 4.985112684658236648e-01
-1.259837863139583902e+00 4.985739481476528234e-01
-1.272641400371173903e+00 4.986519089947963890e-01
-1.285493233358903087e+00 4.986289213182358848e-01
-1.298274478535898835e+00 4.987512535679557435e-01
-1.311066281964815117e+00 4.988285358439148998e-01
-1.323862210418125240e+00 4.988174577748054617e-01
-1.336647087100746756e+00 4.989098479701574718e-01
-1.349453744678230649e+00 4.989796968654935938e-01
-1.362291525016299465e+00 4.990603275977510966e-01
-1.375108800180786739e+00 4.990449708047101640e-01
-1.387868120279596829e+00 4.991679450886410407e-01
-1.400607552890388741e+00 4.991055912072837053e-01
-1.413416158102042353e+00 4.990726032960713932e-01
-1.426124786879026551e+00 4.990169726750975920e-01
-1.439005529311929044e+00 4.990803978673198360e-01
-1.452081168997638061e+00 4.994869242615437299e-01
-1.465198648923248248e+00 4.999650952778603163e-01
-1.478232437732447391e+00 5.002787127223904395e-01
-1.491353042213223734e+00 5.005297576711399410e-01
-1.504320397122625996e+00 5.007960507445199383e-01
-1.517409158578625572e+00 5.010785374279835835e-01
-1.530456071286852016e+00 5.012817060207315212e-01
-1.543487738938694731e+00 5.014891114416145657e-01
-1.556559584908891569e+00 5.016809682920481128e-01
-1.569570605265002472e+00 5.017866074036834156e-01
-1.582634453010299147e+00 5.019861460431006561e-01
-1.595743492243279826e+00 5.021638289779334352e-01
-1.608730301382423233e+00 5.022963692228988863e-01
-1.621803883666524282e+00 5.025316338017403739e-01
-1.634860767309959106e+00 5.026771180055118471e-01
-1.647851662093331893e+00 5.027795291148636769e-01
-1.660887702775860841e+00 5.029326340380410043e-01
-1.673967406280392645e+00 5.030829597824806321e-01
-1.686989303253425554e+00 5.032371498142158561e-01
-1.700025298517481520e+00 5.033356861874336285e-01
-1.713057522254887610e+00 5.034587197838388262e-01
-1.726037308033866458e+00 5.036365486166316519e-01
-1.739103702820858022e+00 5.037826582106083029e-01
-1.752090301230073921e+00 5.038884864123516216e-01
-1.765116471831935874e+00 5.040201883257066084e-01
-1.778151690294774045e+00 5.040668615518012485e-01
-1.791214630252142337e+00 5.042558017832398098e-01
-1.804197338150814733e+00 5.043299991864688137e-01
-1.817259227526390131e+00 5.044593290685639442e-01
-1.830295320721305963e+00 5.045695697902157217e-01
-1.843305146502835612e+00 5.046337855738138867e-01
-1.856292445274753344e+00 5.047904389773247846e-01
-1.869310444072422417e+00 5.048903118030588777e-01
-1.882355356945415448e+00 5.049215098247541444e-01
-1.895368150190249956e+00 5.050565616125083368e-01
-1.908351627790811467e+00 5.051913249153364704e-01
-1.921422218632106382e+00 5.052463666551444410e-01
-1.934381658060206677e+00 5.053160977721394831e-01
-1.947444062988749947e+00 5.054330687496362273e-01
-1.960383509089041576e+00 5.055166540725748447e-01
-1.973441229431339483e+00 5.055904282170530228e-01
-1.986484467071511162e+00 5.056677302193437473e-01
-1.999481263274670129e+00 5.057576350663439690e-01
-2.012492264287939037e+00 5.059077376139973214e-01
-2.025497072220530104e+00 5.059778848095852766e-01
-2.038459667958060884e+00 5.060068120971012995e-01
-2.051488826065309024e+00 5.060902308346618694e-01
-2.064513649585818289e+00 5.061826072100148455e-01
-2.077468252101935864e+00 5.062612360338317741e-01
-2.090516565601492793e+00 5.063754943865919067e-01
-2.090634872428563718e+00 4.619361114455616812e-01
-2.090731564504765494e+00 4.174952784500018388e-01
-2.090873694345462219e+00 3.730988712507806171e-01
-2.091025171886141898e+00 3.286460204995264589e-01
-2.091122389450690289e+00 2.841494867139815472e-01
-2.091284863687752793e+00 2.397029802688782074e-01
-2.091417721683169972e+00 1.952504974992293196e-01
-2.091447649469791337e+00 1.508175548854176207e-01
-2.091609617932677967e+00 1.062860461219278935e-01
-2.091656220672144073e+00 6.182027553489877203e-02
-2.091837111417708339e+00 1.741824267045161134e-02
-2.091849590936424530e+00 -2.709718206952858519e-02
-2.091965055148953034e+00 -7.155607124408751296e-02
-2.092053052799473623e+00 -1.160897459289405853e-01
-2.092141406102852041e+00 -1.605230310775363212e-01
-2.092219393721189036e+00 -2.049887267430861304e-01
-2.092349269172776971e+00 -2.495305808883260257e-01
-2.092422903722330307e+00 -2.939568987831591707e-01
-2.092428809796926359e+00 -3.384203538182786741e-01
-2.092521611954488048e+00 -3.829433792232857514e-01
-2.092556880486324378e+00 -4.274385869852965758e-01
-2.092658721968457591e+00 -4.718975657361699771e-01
-2.092740639724597340e+00 -5.163666543954636978e-01
-2.092789517805443644e+00 -5.608370679806207182e-01
-2.092796895483854502e+00 -6.053912036977168176e-01
-2.092860253375092849e+00 -6.498505026495421388e-01
-2.092929398492636928e+00 -6.943306929223389545e-01
-2.092940227200473124e+00 -7.388156153229966661e-01
-2.093044863298391789e+00 -7.833343447385768821e-01
-2.093032790737400894e+00 -8.277489335273749971e-01
-2.093097969690782101e+00 -8.722447048952790549e-01
-2.093124844721311550e+00 -9.167786407327982445e-01
-2.093152249586668567e+00 -9.612663560847571897e-01
-2.093207309385463954e+00 -1.005708449283989836e+00
-2.093236582070779672e+00 -1.050242384826729936e+00
-2.093274166229880162e+00 -1.094703795426559045e+00
-2.093281081382313058e+00 -1.139226660676922132e+00
-2.093357504361467836e+00 -1.183704482563411320e+00
-2.093327618388871603e+00 -1.228218573379997069e+00
-2.093362695402583462e+00 -1.272617154709976051e+00
-2.093430018695761508e+00 -1.317157694847153504e+00
-2.093404270718007165e+00 -1.361676057338494950e+00
-2.093433328323116793e+00 -1.406154025620663495e+00
-2.093471353532499801e+00 -1.450631938740103655e+00
-2.093505771626572365e+00 -1.495140223662597023e+00
-2.093519597947696820e+00 -1.539589941791956518e+00
-2.093544796552481824e+00 -1.584122449041744263e+00
-2.093495039199468000e+00 -1.628602793538273641e+00
-2.093505170074693833e+00 -1.673110166089709416e+00
-2.093519132185611920e+00 -1.717522831356867563e+00
-2.093537410303279334e+00 -1.762030737487977783e+00
-2.093603450783988240e+00 -1.806579410334421931e+00
-2.093574420325915675e+00 -1.851013664449200347e+00
-2.093545138576606846e+00 -1.895530726606244443e+00
-2.093604596340351787e+00 -1.940009670253175722e+00
-2.093552725503800005e+00 -1.984511339573999278e+00
-2.093600306361703911e+00 -2.028975397056502761e+00
-2.093540719312390941e+00 -2.073521304629532214e+00
-2.093521711374268346e+00 -2.118025378326997554e+00
-2.093556703836641830e+00 -2.162503974650545668e+00
-2.093511926699473058e+00 -2.206990619947201360e+00
-2.093547276938090729e+00 -2.251472750042835091e+00
-2.093472508784767872e+00 -2.296002220159583995e+00
-2.093491172046233473e+00 -2.340474755461682488e+00
-2.093444843468946548e+00 -2.384959407342451154e+00
-2.093453648889305185e+00 -2.429487261867913084e+00
-2.093405842829463293e+00 -2.473989285776073910e+00
-2.093430013147004054e+00 -2.518490954031382234e+00
-2.093417019886036456e+00 -2.562973912593220938e+00
-2.093309451463586157e+00 -2.607461317429765835e+00
-2.093344552990211049e+00 -2.651967768722210739e+00
-2.093264055557163328e+00 -2.696485264277973748e+00
-2.093230058617128186e+00 -2.740962400754881401e+00
-2.093191039878841142e+00 -2.785479599628151171e+00
-2.093174338024264447e+00 -2.829954123420334700e+00
-2.093107883796882618e+00 -2.874462448062970132e+00
-2.093078135603002377e+00 -2.918942843797460274e+00
-2.092962006489536897e+00 -2.963483684147860231e+00
-2.092914658108671055e+00 -3.007928480345121613e+00
-2.092893234877519770e+00 -3.052429449133613026e+00
-2.092819070628530564e+00 -3.096978618603434708e+00
-2.092735072244788608e+00 -3.141424553419735144e+00
-2.092709869428462266e+00 -3.185971013261016616e+00
-2.092603213371108772e+00 -3.230462506269144551e+00
-2.092554355442296288e+00 -3.274910218749782498e+00
-2.092503701527835602e+00 -3.319417923650648028e+00
-2.092377307320962831e+00 -3.363942127597485232e+00
-2.092327319987559608e+00 -3.408382735510173234e+00
-2.092226323584533088e+00 -3.452907975272702323e+00
-2.092104393904199000e+00 -3.497430124696118359e+00
-2.092044281976035425e+00 -3.541865551409243640e+00
-2.091971455431715921e+00 -3.586412084666743105e+00
-2.091834080835554666e+00 -3.630865355707094011e+00
-2.091699585255498484e+00 -3.675338641300724962e+00
-2.091645867570268269e+00 -3.719806645603835449e+00
-2.091548023667344047e+00 -3.764357117144921272e+00
-2.091426873107406159e+00 -3.808852223341826271e+00
-2.091218731942219300e+00 -3.853295700721159456e+00
-2.091143328119630329e+00 -3.897768516159620500e+00
-2.090990234776469059e+00 -3.942301071473786500e+00
-2.090880916059140393e+00 -3.986759667741530677e+00
-2.090716037154624729e+00 -4.031192109992872474e+00
-2.090567873843277802e+00 -4.075688423169182784e+00
-2.090373598028561375e+00 -4.120210909829967960e+00
-2.090299189928530144e+00 -4.164691033009121135e+00
-2.090056673536937470e+00 -4.209106778864571297e+00
-2.089927576666395392e+00 -4.253561238952540791e+00
-2.089734465556501775e+00 -4.298087517077902930e+00
-2.089601274944943299e+00 -4.342514661299150980e+00
-2.089414167205131623e+00 -4.386987743317343202e+00
-2.089172943257408210e+00 -4.431417861903014455e+00
-2.088998761734508935e+00 -4.475912937217278120e+00
-2.088758264589859248e+00 -4.520321178970660547e+00
-2.088632296576659275e+00 -4.564735959016781308e+00
-2.088381140345478837e+00 -4.609238772034692566e+00
-2.088190708674585228e+00 -4.653661642285971567e+00
-2.087933967850383876e+00 -4.698086651264912206e+00
-2.087770760395379011e+00 -4.742555636272735242e+00
-2.087478220353746305e+00 -4.786990702880796533e+00
-2.087264056648753918e+00 -4.831407543930546389e+00
-2.087063259007603477e+00 -4.875832659188397145e+00
-2.086876093271216703e+00 -4.920215747869488787e+00
-2.086679422331775946e+00 -4.964665191561701718e+00
-2.086410663042486124e+00 -5.009087683707517336e+00
-2.086191974219964607e+00 -5.053522970128367930e+00
-2.085973212891621298e+00 -5.097866832163742146e+00
-2.085833196049293736e+00 -5.142266768863113846e+00
-2.085606055743519871e+00 -5.186721450079200046e+00
-2.085393248488707663e+00 -5.231085085187336503e+00
-2.085286118038964798e+00 -5.275499362581603791e+00
-2.085081667195260557e+00 -5.319899843033303988e+00
-2.084914738322744654e+00 -5.364345221498544980e+00
-2.084741114286738028e+00 -5.408766553564772650e+00
-2.084569799739334428e+00 -5.453141291529521872e+00
-2.084437139915646053e+00 -5.497513501054095642e+00
-2.084225734992114276e+00 -5.541955137863133096e+00
-2.084121099422565404e+00 -5.586338050147538148e+00
-2.083952091148614016e+00 -5.630659019611309546e+00
-2.083837726728300588e+00 -5.675047865473160869e+00
-2.083710872942992065e+00 -5.719497419964819862e+00
-2.083570076572998975e+00 -5.763807822727584629e+00
-2.083467672276504867e+00 -5.808207075595333890e+00
-2.083327927565535642e+00 -5.852600658619711460e+00
-2.083262716160091177e+00 -5.897017372306788907e+00
-2.083148207617609771e+00 -5.941378866193659292e+00
-2.083061852888718590e+00 -5.985745377628563624e+00
-2.082900576090213285e+00 -6.030076844803986980e+00
-2.082824731486889291e+00 -6.074436998172164870e+00
-2.082779087466419377e+00 -6.118834883934335167e+00
-2.082622471993476054e+00 -6.163259167903048841e+00
-2.082588176522665702e+00 -6.207538839743019565e+00
-2.082447191837224931e+00 -6.251969140719105589e+00
-2.082432758873069556e+00 -6.296269784530949210e+00
-2.082339489748232797e+00 -6.340687282098813604e+00
-2.082245657875846145e+00 -6.385065629269195853e+00
-2.082197164304409043e+00 -6.429369645892929697e+00
-2.082141422685360510e+00 -6.473727391290763578e+00
-2.082045330978691933e+00 -6.518074189335075097e+00
-2.081952896237313055e+00 -6.562430243119148798e+00
-2.081929750050689254e+00 -6.606804729348462857e+00
-2.081887574961789333e+00 -6.651160018045217726e+00
-2.081776854013042577e+00 -6.695494819197601366e+00
-2.081723617233242951e+00 -6.739894501210425659e+00
-2.081694295832733577e+00 -6.784272779802916098e+00
-2.081610070355109698e+00 -6.828558119059904286e+00
-2.081628105780177318e+00 -6.872982458475598300e+00
-2.081546436116436194e+00 -6.917332996260679323e+00
-2.081551314124651331e+00 -6.961666005388641665e+00
-2.081447920523479489e+00 -7.006020953878977942e+00
-2.081476687366812683e+00 -7.050364052422900762e+00
-2.081354109764404381e+00 -7.094698633091230278e+00
-2.081338947266501815e+00 -7.139073017137657295e+00
-2.081370614672653829e+00 -7.183402114952483153e+00
-2.081339175811715236e+00 -7.227720102054452589e+00
-2.081229301230739903e+00 -7.272116404512086518e+00
-2.081270639406366030e+00 -7.316429582912098439e+00
-2.081200906468480216e+00 -7.360759772864274630e+00
-2.081154910455819795e+00 -7.405086434041503018e+00
-2.081160838060355900e+00 -7.449510689154004162e+00
-2.081140818533422365e+00 -7.493821159905747820e+00
-2.081088810244104526e+00 -7.538150705145042707e+00
-2.081094640543823093e+00 -7.582488008741378849e+00
-2.081131356925190357e+00 -7.626819098105171335e+00
-2.081111339183182807e+00 -7.671175423308420172e+00
-2.081031095848151935e+00 -7.715535128769605677e+00
-2.081050912419467824e+00 -7.759898834638265797e+00
-2.081015298532879587e+00 -7.804259264680411867e+00
-2.080997835305240962e+00 -7.848562055518231162e+00
-2.081004782845659040e+00 -7.892919437245241809e+00
-2.081015625321319451e+00 -7.937226826102696364e+00
-2.080990655437540582e+00 -7.981562565765718098e+00
-2.081039149924620357e+00 -8.025946386349648520e+00
-2.080972793046020008e+00 -8.070278939369764259e+00
-2.080980646071997509e+00 -8.114668610065674414e+00
-2.080996418681835269e+00 -8.158937447096368700e+00
-2.080990169686399049e+00 -8.203362221204418603e+00
-2.081015727513296998e+00 -8.247632294823029397e+00
-2.081021249783143290e+00 -8.292027436894093384e+00
-2.081036844799984298e+00 -8.336392235414971097e+00
-2.081039763902611917e+00 -8.380712500687762301e+00
-2.068095808072124786e+00 -8.380645636710156055e+00
-2.055111443228722301e+00 -8.380653808757839940e+00
-2.042190548783361148e+00 -8.380609966277921430e+00
-2.029194240786056813e+00 -8.380554356228440582e+00
-2.016236515047008293e+00 -8.380560425034618177e+00
-2.003304361784110199e+00 -8.380455878142166526e+00
-1.990333646145985069e+00 -8.380460848857644862e+00
-1.977379560448363272e+00 -8.380416188438621461e+00
-1.964433604366047303e+00 -8.380390087796179444e+00
-1.951497271468198624e+00 -8.380333382306467627e+00
-1.938531512720431893e+00 -8.380326875924943408e+00
-1.925571850286861286e+00 -8.380303240824664712e+00
-1.912626267555920689e+00 -8.380271164191674060e+00
-1.899694191866258208e+00 -8.380219060324247238e+00
-1.886741169319942957e+00 -8.380153972764336601e+00
-1.873758178222177051e+00 -8.380138535033935909e+00
-1.860855231424759948e+00 -8.380124573584319947e+00
-1.847908927508235211e+00 -8.380092548010336984e+00
-1.834947257235722384e+00 -8.379995860099500149e+00
-1.822020278595650300e+00 -8.379982236356493530e+00
-1.809091212022173378e+00 -8.379926065808358970e+00
-1.796096647681936886e+00 -8.379900118906169482e+00
-1.783196718001661685e+00 -8.379906515759524055e+00
-1.770205254927939009e+00 -8.379799447252070266e+00
-1.757268896516950951e+00 -8.379812185760988186e+00
-1.744322838736227732e+00 -8.379735393668344301e+00
-1.731364730534697305e+00 -8.379738830457242216e+00
-1.718459405779017013e+00 -8.379702700273115923e+00
-1.705437176928494170e+00 -8.379663425089168172e+00
-1.692516402461442526e+00 -8.379584138920172620e+00
-1.679621716513504781e+00 -8.379612660471215335e+00
-1.666591287775163854e+00 -8.379555718469259062e+00
-1.653694493403090160e+00 -8.379516210783187091e+00
-1.640756589595702142e+00 -8.379437999081222443e+00
-1.627822810195745928e+00 -8.379447070192240332e+00
-1.614807487209425352e+00 -8.379402976469149777e+00
-1.601864546304200498e+00 -8.379387668738859318e+00
-1.588990642213075066e+00 -8.379315673584500246e+00
-1.576015295801462157e+00 -8.379303125569165900e+00
-1.563072047282115795e+00 -8.379265433651202244e+00
-1.550170694322556608e+00 -8.379200554487329811e+00
-1.537218494667654145e+00 -8.379196795098410533e+00
-1.524254617619410057e+00 -8.379127332972418074e+00
-1.511257944627275807e+00 -8.379118097016853284e+00
-1.498319139554221469e+00 -8.379092546061274405e+00
-1.485420706097706045e+00 -8.379027655972402400e+00
-1.472471109210971019e+00 -8.378938528955975684e+00
-1.459552601740439659e+00 -8.378974189322949684e+00
-1.446561514703117668e+00 -8.378922116981883050e+00
-1.433650935518105962e+00 -8.378877942633504716e+00
-1.420665555425928650e+00 -8.378816109404754187e+00
-1.407738529862006205e+00 -8.378768744228912269e+00
-1.394807099846052667e+00 -8.378713430515189131e+00
-1.381890125848370010e+00 -8.378736284792687172e+00
-1.368907827833306001e+00 -8.378619673064219953e+00
-1.355991463853760237e+00 -8.378600308003182562e+00
-1.343003101007613109e+00 -8.378549052481931270e+00
-1.330108580529289819e+00 -8.378501195791455913e+00
-1.317169405291098494e+00 -8.378515883422796406e+00
-1.304249153803692218e+00 -8.378425038474757613e+00
-1.291260279807952438e+00 -8.378400650552839224e+00
-1.278324764399332958e+00 -8.378348962468978200e+00
-1.265360419774401057e+00 -8.378332886093417642e+00
-1.252473465481156234e+00 -8.378342193522145820e+00
-1.239481248499480603e+00 -8.378261863051896796e+00
-1.226564034696753014e+00 -8.378202250758068459e+00
-1.213599056123691788e+00 -8.378195722003198398e+00
-1.200673229138002895e+00 -8.378130872251594141e+00
-1.187762857345565859e+00 -8.378125944943889181e+00
-1.174780424228631714e+00 -8.378026442566081755e+00
-1.161881558676448600e+00 -8.378019260482858499e+00
-1.148907207581015388e+00 -8.378001445245891077e+00
-1.135994502446689314e+00 -8.377957740560034949e+00
-1.123077182993735379e+00 -8.377934436540405372e+00
-1.110161833268260567e+00 -8.377847056024986472e+00
-1.097239768252031844e+00 -8.377857652901406382e+00
-1.084264118797244825e+00 -8.377751699420823428e+00
-1.071303393839130980e+00 -8.377760897869437784e+00
-1.058359331584734164e+00 -8.377684729445292078e+00
-1.045452318650859080e+00 -8.377671073876209462e+00
-1.032526482024020753e+00 -8.377615632918617550e+00
-1.019617134391601398e+00 -8.377548556878783970e+00
-1.006631953753219344e+00 -8.377523064158326704e+00
-9.937261079086252558e-01 -8.377465641797952500e+00
-9.808061881365247592e-01 -8.377495922586573940e+00
-9.677924269800555201e-01 -8.377466677688731878e+00
-9.549024982497864578e-01 -8.377384951822969938e+00
-9.419925347043957009e-01 -8.377359821489280378e+00
-9.290681521513903807e-01 -8.377266088722052473e+00
-9.161202186117152202e-01 -8.377257675120272751e+00
-9.032044490865934749e-01 -8.377239126120564094e+00
-8.901957437450339627e-01 -8.377153629732095652e+00
-8.773293117746864267e-01 -8.377173188851585905e+00
-8.643887108525688534e-01 -8.377131515366226466e+00
-8.514440121632269598e-01 -8.377025517879742367e+00
-8.385383847779166455e-01 -8.377032501191880698e+00
-8.255755906854418402e-01 -8.376940952997841805e+00
-8.126257989475376142e-01 -8.376908248279800517e+00
-7.996771597048286662e-01 -8.376914599229483116e+00
-7.867595060581971111e-01 -8.376839906162620863e+00
-7.737944995205322529e-01 -8.376819285372784307e+00
-7.608740067397259388e-01 -8.376799202344816564e+00
-7.479722267579068662e-01 -8.376740839411654704e+00
-7.349955128595901943e-01 -8.376677546559641030e+00
-7.221285529029097816e-01 -8.376628772251514476e+00
-7.091325041172548138e-01 -8.376629019251884856e+00
-6.962236191530385421e-01 -8.376590527389835117e+00
-6.833367538089339943e-01 -8.376529988526991488e+00
-6.703635013867350612e-01 -8.376436713401668399e+00
-6.574517067335184928e-01 -8.376401560530732482e+00
-6.444921886611063577e-01 -8.376410811706053394e+00
-6.316348589645250922e-01 -8.376328662208145204e+00
-6.187008944386066522e-01 -8.376350574516671088e+00
-6.057110696065820532e-01 -8.376246186822775996e+00
-5.928398319756770229e-01 -8.376226497560544715e+00
-5.798502146582604766e-01 -8.376193065994478104e+00
-5.669258825733516360e-01 -8.376195820307460238e+00
-5.540000108924091338e-01 -8.376155735885932430e+00
-5.410579674998177158e-01 -8.376112352545863615e+00
-5.281715327010287897e-01 -8.376051170352788233e+00
-5.152027054926573424e-01 -8.376002553566481268e+00
-5.022805520703739202e-01 -8.375966784981283553e+00
-4.893584092431925159e-01 -8.375891447316373473e+00
-4.764735752163232751e-01 -8.375877984411735255e+00
-4.635042963333156352e-01 -8.375823623616838631e+00
-4.506472021703223363e-01 -8.375777705709802845e+00
-4.376715442602519546e-01 -8.375710763831076378e+00
-4.247767311018770808e-01 -8.375733796522020214e+00
-4.118200028700700344e-01 -8.375705160561622620e+00
-3.989058000880358335e-01 -8.375618869877566652e+00
-3.860038688431374765e-01 -8.375544516249297189e+00
-3.730500462692519781e-01 -8.375563657381169591e+00
-3.600953680130913326e-01 -8.375502519564872017e+00
-3.472120355499842548e-01 -8.375426797604315965e+00
-3.342366778540746264e-01 -8.375447525730116638e+00
-3.213934980085843551e-01 -8.375360144138788598e+00
-3.084230215277467546e-01 -8.375356573356823375e+00
-2.955070259845566927e-01 -8.375308556052097231e+00
-2.825536458296844522e-01 -8.375292203415027004e+00
-2.696258563702255695e-01 -8.375189409080149971e+00
-2.566975767246800766e-01 -8.375143623889218958e+00
-2.438395981587410111e-01 -8.375148563134732882e+00
-2.309217629039919117e-01 -8.375075959153740257e+00
-2.179970684886681498e-01 -8.375056659070825305e+00
-2.050207823970312815e-01 -8.375013368030229444e+00
-1.921313884923172566e-01 -8.374971004829969701e+00
-1.792009442007940767e-01 -8.374925233723240936e+00
-1.662966615386155256e-01 -8.374900799933644890e+00
-1.533858202130324866e-01 -8.374816505039650139e+00
-1.403944634485268517e-01 -8.374775936408914490e+00
-1.275293969816260198e-01 -8.374810278545487208e+00
-1.145816525231448807e-01 -8.374725544133076127e+00
-1.016591976009838666e-01 -8.374721959697156493e+00
-8.873562090610231934e-02 -8.374670741931710793e+00
-7.581073840308634459e-02 -8.374591630066294812e+00
-6.286955145180153637e-02 -8.374534568275576518e+00
-5.000256361712783482e-02 -8.374536019686784627e+00
-3.707883158816324687e-02 -8.374523899129416193e+00
-2.412200594218510269e-02 -8.374462865287858548e+00
-1.125104792442869518e-02 -8.374383569406067096e+00
1.687386703417215238e-03 -8.374407734864650621e+00
1.462927870363935588e-02 -8.374354024414817133e+00
2.754000278006736580e-02 -8.374245215004139098e+00
4.046630724710897908e-02 -8.374265216817240898e+00
5.339565868413055638e-02 -8.374193441882596289e+00
6.627852515241119957e-02 -8.374173628868344821e+00
7.922928147051337688e-02 -8.374093658600346046e+00
9.213226801218704631e-02 -8.374084539842339581e+00
1.050581634818379823e-01 -8.374067127412050837e+00
1.179254053917549450e-01 -8.373987883883861727e+00
1.308888438168148982e-01 -8.373990754363155986e+00
1.438034429178065288e-01 -8.373890747824432879e+00
1.566938681209804618e-01 -8.373865121779608955e+00
1.696043707975428971e-01 -8.373880772419491691e+00
1.825575175516961635e-01 -8.373840321644108187e+00
1.954771934493940988e-01 -8.373755731288396120e+00
2.083735582018817478e-01 -8.373746533495328492e+00
2.212572571650229802e-01 -8.373697360844902349e+00
2.342045650868886386e-01 -8.373648032525846219e+00
2.470983587785950952e-01 -8.373605774776136101e+00
2.600515358906816954e-01 -8.373556844879685102e+00
2.729878288492796901e-01 -8.373553202169775389e+00
2.858473984848759475e-01 -8.373492287862363881e+00
2.987691417308663278e-01 -8.373459360651787975e+00
3.116621205057135691e-01 -8.373431701511277581e+00
3.246057406407762969e-01 -8.373391694794364071e+00
3.374931922388295646e-01 -8.373298802137652430e+00
3.504688541334706198e-01 -8.373340321132147324e+00
3.633660590015592717e-01 -8.373278821371789249e+00
3.763001825986465598e-01 -8.373217092630078184e+00
3.891638415767622039e-01 -8.373222295992121644e+00
4.021172733949249234e-01 -8.373111056099398652e+00
4.150177304357829944e-01 -8.373132655000901536e+00
4.279218761656873871e-01 -8.373093610609606330e+00
4.408209674284859214e-01 -8.373062453673737693e+00
4.537136532857121152e-01 -8.373025480426214529e+00
4.666907103854911476e-01 -8.372921823158323562e+00
4.796100223065750678e-01 -8.372945113645132054e+00
4.924881142538423684e-01 -8.372891638470129294e+00
5.053690842832581076e-01 -8.372874463907223230e+00
5.053734310310563638e-01 -8.328486988519616219e+00
