5.028980322792768742e-01 -8.330688606204427415e+00
5.028694750372695310e-01 -8.286316173847211530e+00
5.028543074207109109e-01 -8.241945587887983038e+00
5.028015704440366163e-01 -8.197515060176405299e+00
5.027681835184504289e-01 -8.153157515479428241e+00
5.027178691696944091e-01 -8.108796003526762775e+00
5.026925054961107753e-01 -8.064414533012222108e+00
5.025919379411273313e-01 -8.020062111944824323e+00
5.025974545830766971e-01 -7.975678523717848911e+00
5.025419241240226542e-01 -7.931255784154785715e+00
5.025350609901557686e-01 -7.886853522471318989e+00
5.024882601950271255e-01 -7.842488297533846797e+00
5.024401439275268944e-01 -7.798177057900488762e+00
5.023355327361761491e-01 -7.753726212236918158e+00
5.023495718359740625e-01 -7.709399406831543011e+00
5.022699664053877910e-01 -7.665024009558630169e+00
5.022571247054838928e-01 -7.620603513068875401e+00
5.022321279406736227e-01 -7.576294732922058017e+00
5.021875812803101580e-01 -7.531906480505670132e+00
5.020990969588681185e-01 -7.487532276349691429e+00
5.020316131188160558e-01 -7.443161238813374325e+00
5.020027536439901628e-01 -7.398767485522529164e+00
5.019646208440641244e-01 -7.354406117162125334e+00
5.019570692408538148e-01 -7.310027366140565697e+00
5.018743358913722030e-01 -7.265654039625403904e+00
5.018582250359365782e-01 -7.221282591470315815e+00
5.017927671621924546e-01 -7.176854758249191946e+00
5.017793985558161030e-01 -7.132529373949355822e+00
5.017411921971312028e-01 -7.088135101288767892e+00
5.017079969451971877e-01 -7.043795707257993755e+00
5.016368603739836951e-01 -6.999341555669273518e+00
5.015540606299720983e-01 -6.955034130468894737e+00
5.015273295362241424e-01 -6.910634640639443660e+00
5.014983891067581467e-01 -6.866262248802733836e+00
5.014634841799703313e-01 -6.821908462908258919e+00
5.013889568744394065e-01 -6.777508784122936447e+00
5.013536577973173314e-01 -6.733135730689365772e+00
5.013305276963785362e-01 -6.688752135391793807e+00
5.012978391861538929e-01 -6.644416306309754994e+00
5.012679801200353724e-01 -6.599987029712785613e+00
5.011684245741241384e-01 -6.555664370583381917e+00
5.012104439530843392e-01 -6.511267511866360991e+00
5.011593812126097225e-01 -6.466873744005425806e+00
5.011118277281351174e-01 -6.422481417624939404e+00
5.010717256742724945e-01 -6.378177230248173402e+00
5.010564829617576432e-01 -6.333776009654057404e+00
5.009649598200970333e-01 -6.289405028693368038e+00
5.009658880548621962e-01 -6.245043154088758541e+00
5.008602825438716044e-01 -6.200629811396884072e+00
5.008900518376285804e-01 -6.156256961074142886e+00
5.008602241056707705e-01 -6.111930746031107198e+00
5.007722665306585386e-01 -6.067535433678405532e+00
5.007594294843216165e-01 -6.023169257736355142e+00
5.006976687474904431e-01 -5.978813051525841082e+00
5.007113226195754052e-01 -5.934440638795315692e+00
5.006751862530873787e-01 -5.890040955586952620e+00
5.006401573389067661e-01 -5.845741275532628123e+00
5.005345859610083048e-01 -5.801363239905849234e+00
5.005697161559754527e-01 -5.756980093322838776e+00
5.004699507016766580e-01 -5.712598571477513154e+00
5.004830829573312378e-01 -5.668215641053763854e+00
5.004740108577699909e-01 -5.623888330998097373e+00
5.003853576800850744e-01 -5.579496220998973577e+00
5.003403448001166876e-01 -5.535134533145371627e+00
5.003217549548376608e-01 -5.490743174008480665e+00
5.003220173560785078e-01 -5.446381613735749028e+00
5.003255488231453940e-01 -5.402066196752423721e+00
5.002714914770546306e-01 -5.357707842154737499e+00
5.002677805217716767e-01 -5.313326241195940547e+00
5.002043969696814418e-01 -5.268984987604843795e+00
5.001476814662251247e-01 -5.224591505956172277e+00
5.001716188177030009e-01 -5.180226165132697069e+00
5.001065787426961506e-01 -5.135898946318541824e+00
5.000858687419829085e-01 -5.091535110860982094e+00
5.000699530467829224e-01 -5.047130868998723763e+00
5.000612816283405149e-01 -5.002749770845674071e+00
5.000550736642358496e-01 -4.958451136203252396e+00
5.000804322751324360e-01 -4.914077928161535880e+00
5.000360056173556167e-01 -4.869653787930023903e+00
5.000782489187579616e-01 -4.825283136092906489e+00
5.000544848827968014e-01 -4.780890486060923372e+00
5.001085663962361316e-01 -4.736446582008908557e+00
5.000713480326252069e-01 -4.692113380397070266e+00
5.001118278532006300e-01 -4.647717922307944782e+00
5.001582302552646242e-01 -4.603324790903247532e+00
5.001904726972716819e-01 -4.558868897999073688e+00
5.001478391627229847e-01 -4.514488906772392340e+00
5.001652604707992333e-01 -4.470103118272860776e+00
5.002030664159932138e-01 -4.425700552005856991e+00
5.002427321042577368e-01 -4.381274704004271214e+00
5.002414554956162718e-01 -4.336928218288699455e+00
5.002560687159846031e-01 -4.292553091780381358e+00
5.002258527352454465e-01 -4.248175083239711824e+00
5.002449621655793432e-01 -4.203743091988852321e+00
5.002950569780431067e-01 -4.159409756001085867e+00
5.002854701904796419e-01 -4.115014970428882535e+00
5.003188333229945384e-01 -4.070598341281688626e+00
5.003169973851017138e-01 -4.026189099135871530e+00
5.003668609999193384e-01 -3.981777268399260716e+00
5.003467869110260757e-01 -3.937427598865722356e+00
5.004355291545447004e-01 -3.893094045860297392e+00
5.003804803849576377e-01 -3.848629599057074024e+00
5.004488699461986378e-01 -3.804302662247478484e+00
5.004558096401886536e-01 -3.759905790978752549e+00
5.004895916402076761e-01 -3.715516128634827719e+00
5.004956951638594997e-01 -3.671117729649917560e+00
5.004719513603584913e-01 -3.626741003217486270e+00
5.005222740279490212e-01 -3.582372746104922623e+00
5.004877775425122799e-01 -3.538007402521404998e+00
5.005798916670928245e-01 -3.493600367456823008e+00
5.005878441506941279e-01 -3.449284604722074210e+00
5.005518705122541379e-01 -3.404837618194054727e+00
5.005432788318858739e-01 -3.360505176487935231e+00
5.006429152043693209e-01 -3.316082775007186179e+00
5.005718477081354534e-01 -3.271760902254130965e+00
5.006595953250738695e-01 -3.227324317581287794e+00
5.006468094602508634e-01 -3.183017805081565399e+00
5.006151890984816832e-01 -3.138568425551805596e+00
5.006978510697156493e-01 -3.094241243025528387e+00
5.006527772232099993e-01 -3.049864696134332309e+00
5.007059275859668812e-01 -3.005476138615622350e+00
5.007027643105654846e-01 -2.961082945000173883e+00
5.007349893098937965e-01 -2.916746748695577818e+00
5.007218460518805259e-01 -2.872363168847775761e+00
5.007623005799669569e-01 -2.828013805843143658e+00
5.007811270487002586e-01 -2.783631735035042354e+00
5.007386437862086925e-01 -2.739267950191634160e+00
5.007685938160155725e-01 -2.694880883470835542e+00
5.007377427213132171e-01 -2.650524980851076240e+00
5.008235568458390130e-01 -2.606105354455074963e+00
5.007590101033203567e-01 -2.561734761660589221e+00
5.008002139048656209e-01 -2.517382162858974315e+00
5.008124206904499554e-01 -2.472990624595026610e+00
5.008490776423623059e-01 -2.428661398298762819e+00
5.008358245405076792e-01 -2.384295214387294859e+00
5.008143447916223456e-01 -2.339955404047629361e+00
5.008624078940163704e-01 -2.295572266145821327e+00
5.008376718115774562e-01 -2.251203166741680750e+00
5.008727418336247350e-01 -2.206766047320101176e+00
5.008334197941521904e-01 -2.162425066959779318e+00
5.008442461075940377e-01 -2.118100116955937473e+00
5.008502417538284179e-01 -2.073702036721890796e+00
5.009083442548770693e-01 -2.029292726384702483e+00
5.009045118084320958e-01 -1.984923983353705346e+00
5.008809092708677024e-01 -1.940586388123645145e+00
5.009273560056274333e-01 -1.896190927236383716e+00
5.008480175894596265e-01 -1.851821723886215354e+00
5.009231215620867372e-01 -1.807460249065999669e+00
5.009399381904192650e-01 -1.763147220516561697e+00
5.009257236275128644e-01 -1.718700434598780635e+00
5.009162374676306984e-01 -1.674333866992802955e+00
5.009339954005717077e-01 -1.630019139549297336e+00
5.009168160357259092e-01 -1.585664651655086299e+00
5.009392265758614293e-01 -1.541232328051668432e+00
5.008991388178105630e-01 -1.496895866687942833e+00
5.009106904432314433e-01 -1.452491250016617608e+00
5.009088766898835976e-01 -1.408197638795708473e+00
5.008729934392358585e-01 -1.363825683032446223e+00
5.008679611355725259e-01 -1.319436599428779111e+00
5.009412146108175312e-01 -1.275082833754228373e+00
5.009112405108374633e-01 -1.230647636007420553e+00
5.008993779255651591e-01 -1.186292463745526771e+00
5.008905355942943061e-01 -1.141982490658117966e+00
5.009056422153350674e-01 -1.097589871876333056e+00
5.008543098872595412e-01 -1.053202674425383512e+00
5.008418708680724141e-01 -1.008883721363891040e+00
5.009039032838202843e-01 -9.644704757874942302e-01
5.008578949475654962e-01 -9.200934955290859252e-01
5.008546667165391097e-01 -8.757243966814919345e-01
5.009108232658293636e-01 -8.313580566034955988e-01
5.008927212953435681e-01 -7.870371005115970320e-01
5.008581068432025329e-01 -7.426666490757628525e-01
5.008301860548234341e-01 -6.982406066213608931e-01
5.008768363313190752e-01 -6.538811629318825869e-01
5.008542362214565280e-01 -6.095102211540046611e-01
5.008338959533716883e-01 -5.651617093488203736e-01
5.008652100533391716e-01 -5.208023450371767060e-01
5.008676548938616468e-01 -4.764614363373101402e-01
5.008124344720056298e-01 -4.320441762507772898e-01
5.007750886718405070e-01 -3.876951187610248040e-01
5.008437686300869496e-01 -3.432909320930676578e-01
5.008342918203804173e-01 -2.989902377526957311e-01
5.007722019125900870e-01 -2.545620718424788098e-01
5.007888631065133822e-01 -2.102295508802916879e-01
5.007442396609819157e-01 -1.658593723609023962e-01
5.007693998332977126e-01 -1.214587480263395608e-01
5.007621380444742254e-01 -7.714516884590158496e-02
5.007334775867868792e-01 -3.271922322752853635e-02
5.007098381981683888e-01 1.164474753061066521e-02
5.006984613036414844e-01 5.599103466617171010e-02
5.006874943993300242e-01 1.003392419822308618e-01
5.006782793466409975e-01 1.447585688494567313e-01
5.007007882652886321e-01 1.891603031170332461e-01
5.006917477451277021e-01 2.335285669351742643e-01
5.007043969572706477e-01 2.778612311816058278e-01
5.006507530981509912e-01 3.222432328309696170e-01
5.007173346918424306e-01 3.666161624372827887e-01
5.006555836920119074e-01 4.109581789025244514e-01
5.006437832977995717e-01 4.553794374210070051e-01
5.006791728755229931e-01 4.997682041336509173e-01
4.877657876293224337e-01 4.997367208337723521e-01
4.747778009846307379e-01 4.997656410784075409e-01
4.618661101455044382e-01 4.997443883681151333e-01
4.489584056530560030e-01 4.997797087693103268e-01
4.360679747858817179e-01 4.997668947043452659e-01
4.230916899995346148e-01 4.997843742604236583e-01
4.101860760960756025e-01 4.997000363541526657e-01
3.972383778667942789e-01 4.997279195002800045e-01
3.843239269997233976e-01 4.997084855927008129e-01
3.714242376761792697e-01 4.997046807257683465e-01
3.585145054106934626e-01 4.997482994816364044e-01
3.455737621941172844e-01 4.997599336844547602e-01
3.326166734041022810e-01 4.997135619995495825e-01
3.197571877765737480e-01 4.997896551371955320e-01
3.068105718167340457e-01 4.997705442509622897e-01
2.938744327816331103e-01 4.997761088682423081e-01
2.809108316935386984e-01 4.997758326971226683e-01
2.680567852416665398e-01 4.997177443568153188e-01
2.551245508641133974e-01 4.997911964824899300e-01
2.422083024925550665e-01 4.997397020068415352e-01
2.292670667603476931e-01 4.997332222098382348e-01
2.162871754239484856e-01 4.997305746903133450e-01
2.033560602537705098e-01 4.997394406017582336e-01
1.904391581722840454e-01 4.997605477060434453e-01
1.775102321909982628e-01 4.997214594637139351e-01
1.645994807113588809e-01 4.997985696242804865e-01
1.516581981015621139e-01 4.997601597134328499e-01
1.387575370341267711e-01 4.997885715332626155e-01
1.258183132226665668e-01 4.998136771596414785e-01
1.129337147098427863e-01 4.997428009725369824e-01
1.000032844695209200e-01 4.997480633790499782e-01
8.707534311459182164e-02 4.997545261427943641e-01
7.413659482764886621e-02 4.997381993047363413e-01
6.125465496421312467e-02 4.997391399233831466e-01
4.832173913604444898e-02 4.997363992272280675e-01
3.533556353487578294e-02 4.997991106645371939e-01
2.247472647600145396e-02 4.997527225593996203e-01
9.533494723386042036e-03 4.997729992499980733e-01
-3.454149705011823335e-03 4.998126402521589351e-01
-1.631689275008692264e-02 4.997560507959106224e-01
-2.926740561636966345e-02 4.997641743062956610e-01
-4.217555630451920445e-02 4.997974311103733358e-01
-5.513895937633375016e-02 4.998160796309086273e-01
-6.809595137053942038e-02 4.997608116933345834e-01
-8.101675365444577226e-02 4.998245825950785592e-01
-9.392954494029946699e-02 4.998226095191175555e-01
-1.068524823380486849e-01 4.998122092876632894e-01
-1.197815602965824067e-01 4.997942911468229443e-01
-1.326830592766668759e-01 4.997720107523355715e-01
-1.456225041966889011e-01 4.998231451925576052e-01
-1.585886796736106497e-01 4.998057360652522485e-01
-1.714560257626420725e-01 4.998422646227886346e-01
-1.844309633026868234e-01 4.997630819232702915e-01
-1.973093789005918308e-01 4.997754510831722841e-01
-2.102782568503328287e-01 4.997859379024083837e-01
-2.232470324616509239e-01 4.998303363482082817e-01
-2.361164475840451804e-01 4.998212049417106173e-01
-2.490978998686206869e-01 4.998007227156952559e-01
-2.619494908625601415e-01 4.998432825060979967e-01
-2.748895224026681183e-01 4.998017271128440409e-01
-2.878142688462460019e-01 4.997961427252757827e-01
-3.007485652427985268e-01 4.998086146952698816e-01
-3.136800688527863201e-01 4.998106146143211359e-01
-3.266241505845811632e-01 4.998542771635192672e-01
-3.395986919779886426e-01 4.998562575819555098e-01
-3.524955665058123744e-01 4.997799073560971195e-01
-3.654479358373968201e-01 4.998492817912097430e-01
-3.783987807950760507e-01 4.998331230558288318e-01
-3.912817088282775080e-01 4.998393538945065107e-01
-4.041815770882237202e-01 4.998674792865603900e-01
-4.171246410070540422e-01 4.998027842467955284e-01
-4.300562832257426304e-01 4.998521827859938593e-01
-4.429704955613986694e-01 4.998112282005774953e-01
-4.558993771419315721e-01 4.998087965275917477e-01
-4.689145310247813669e-01 4.997895114741269795e-01
-4.817863342100401347e-01 4.998712722849183443e-01
-4.947764505602304519e-01 4.998757784948097971e-01
-5.076518534116638559e-01 4.997885077652111652e-01
-5.206174017737723592e-01 4.997928050063714100e-01
-5.335476451180236612e-01 4.998731101681629929e-01
-5.464193532924759289e-01 4.997975033917126941e-01
-5.593574518056104727e-01 4.998639664484806899e-01
-5.723465492495770635e-01 4.998438925001069122e-01
-5.852927248312287389e-01 4.998357709615826039e-01
-5.981710105465734006e-01 4.998582046440400717e-01
-6.111516910653240764e-01 4.998722994457106550e-01
-6.240342422577881409e-01 4.998353462472503450e-01
-6.369594546787783473e-01 4.998626513117339076e-01
-6.499219563269001965e-01 4.998808207393202752e-01
-6.628267136005641103e-01 4.998640500436042355e-01
-6.757559993850861257e-01 4.998337801519966983e-01
-6.887085532035388535e-01 4.998042575721390879e-01
-7.016205506883654852e-01 4.997953925267781261e-01
-7.146048993318177001e-01 4.997985236285117927e-01
-7.274946082192711438e-01 4.998309448746239281e-01
-7.404764724556563982e-01 4.998568436112876823e-01
-7.533569182134478570e-01 4.998329634747994410e-01
-7.663060351176145257e-01 4.998351770775437131e-01
-7.792052443748660462e-01 4.998188941843171862e-01
-7.921693327867295187e-01 4.998097670445946772e-01
-8.051049656639202023e-01 4.998795895668625144e-01
-8.180007062685166197e-01 4.998419706138818031e-01
-8.309977842973222950e-01 4.998573046806745190e-01
-8.438813203824120368e-01 4.998261455889369542e-01
-8.568256323891346726e-01 4.998641423513041082e-01
-8.697724699482517474e-01 4.998149765049459958e-01
-8.826623183245438931e-01 4.997939066275646214e-01
-8.956425805096056569e-01 4.998771326028553230e-01
-9.085890081356280401e-01 4.998759932698618180e-01
-9.215481368641814663e-01 4.998644217817136415e-01
-9.344383779855011118e-01 4.998495228978338534e-01
-9.473722756819346058e-01 4.998538092086352025e-01
-9.602823212014058862e-01 4.998426426431644698e-01
-9.732224228632186946e-01 4.998623860386315343e-01
-9.862182714511370518e-01 4.998718543884214105e-01
-9.991459341700956731e-01 4.998184860771964777e-01
-1.012004477281631898e+00 4.998376748759597032e-01
-1.024946602574445143e+00 4.998755218687425117e-01
-1.037905822126243383e+00 4.998525304182013795e-01
-1.050883644423834973e+00 4.998373428859375078e-01
-1.063828054863003025e+00 4.998473917904889818e-01
-1.076760866017605789e+00 4.998633644999966319e-01
-1.089617128594312367e+00 4.998445781851743042e-01
-1.102564127763964619e+00 4.997871949555963700e-01
-1.115552775867836743e+00 4.998423385522909324e-01
-1.128484530771619809e+00 4.998116118051254553e-01
-1.141361815164552596e+00 4.998080692855327856e-01
-1.154312862464449863e+00 4.998564276416909147e-01
-1.167288446897618126e+00 4.998575722543600053e-01
-1.180248398825175737e+00 4.998095013956877497e-01
-1.193171937724738729e+00 4.998421335068430338e-01
-1.206115441728603521e+00 4.998371987491038171e-01
-1.218999554112006223e+00 4.998556625071399750e-01
-1.231944454847599735e+00 4.998320702550493322e-01
-1.244900312774327000e+00 4.998254728262275792e-01
-1.257794914892060412e+00 4.998377139988693374e-01
-1.270728089405842587e+00 4.998628906905550617e-01
-1.283711357204036174e+00 4.997847420836868393e-01
-1.296625039870018536e+00 4.998501536722398941e-01
-1.309550791532514857e+00 4.998685563528907361e-01
-1.322482065841970922e+00 4.997969339505484165e-01
-1.335403820248889373e+00 4.998276331783416682e-01
-1.348349072860320685e+00 4.998352348407730239e-01
-1.361327409385977294e+00 4.998543363790955985e-01
-1.374286892861455778e+00 4.997809125897957894e-01
-1.387191330415858070e+00 4.998542183885600343e-01
-1.400083918377274417e+00 4.997608691575802231e-01
-1.413067930838806108e+00 4.997342705992610656e-01
-1.425970456680236698e+00 4.997189010764429007e-01
-1.438925675303217577e+00 4.996835697969884138e-01
-1.451850445142067070e+00 4.997339745587911497e-01
-1.464779847102575916e+00 4.998353993051025679e-01
-1.477654310577266372e+00 4.998341932091633910e-01
-1.490629395098233223e+00 4.998093554962692586e-01
-1.503458656646656122e+00 4.998274787281949960e-01
-1.516410852627916084e+00 4.998759435337979951e-01
-1.529323539437795532e+00 4.998580131990418840e-01
-1.542222909649846985e+00 4.998541589816409836e-01
-1.555163725457140877e+00 4.998421165954683443e-01
-1.568045836789532466e+00 4.997516899336606477e-01
-1.580982009729306137e+00 4.997604009268797887e-01
-1.593964489563168163e+00 4.997520903597843511e-01
-1.606827382759631329e+00 4.997053212102997022e-01
-1.619777918215511203e+00 4.997645978139205747e-01
-1.632713237433683018e+00 4.997385946953277758e-01
-1.645584541848998272e+00 4.996743331157049162e-01
-1.658502087563230809e+00 4.996638638482874262e-01
-1.671464289928271452e+00 4.996535855263504744e-01
-1.684370576668158037e+00 4.996511944531527027e-01
-1.697292054469639488e+00 4.995961611505318478e-01
-1.710211150809651581e+00 4.995686618431666726e-01
-1.723079657570748546e+00 4.995993858908195917e-01
-1.736035221193671374e+00 4.996001840922529302e-01
-1.748912806718424751e+00 4.995642432050425019e-01
-1.761830895764023408e+00 4.995562610799820225e-01
-1.774758950287176562e+00 4.994656555382725460e-01
-1.787715993964319905e+00 4.995192951814571014e-01
-1.800594331906926637e+00 4.994613665458750296e-01
-1.813552467674569790e+00 4.994599283326104922e-01
-1.826486072869401456e+00 4.994418032668769269e-01
-1.839394587155549710e+00 4.993800017724697171e-01
-1.852282033237209191e+00 4.994127682009757985e-01
-1.865200847289226305e+00 4.993904345145057655e-01
-1.878147227674268116e+00 4.993011106205263450e-01
-1.891062999405531908e+00 4.993176723908472336e-01
-1.903950663695664902e+00 4.993359722269710144e-01
-1.916925573632529245e+00 4.992755663889703044e-01
-1.929791138517596760e+00 4.992324838702441037e-01
-1.942759990501322642e+00 4.992373347600592703e-01
-1.955607602756892049e+00 4.992114578373177403e-01
-1.968573537300934984e+00 4.991763254127566940e-01
-1.981526003784520151e+00 4.991463493722723133e-01
-1.994433270589911267e+00 4.991308096615058032e-01
-2.007355677103561664e+00 4.991767188567236002e-01
-2.020272575467074283e+00 4.991441944567406308e-01
-2.033148274560152124e+00 4.990721784949879725e-01
-2.046091069519275774e+00 4.990554071811066361e-01
-2.059030405093349891e+00 4.990489159449444934e-01
-2.071900746959924433e+00 4.990304825278126799e-01
-2.084865085635018378e+00 4.990481766462890323e-01
-2.084858880915446910e+00 4.546600440941416243e-01
-2.084832098892981378e+00 4.102756727374484713e-01
-2.084851976932899476e+00 3.659402573821582405e-01
-2.084882838708201014e+00 3.215531398637060945e-01
-2.084861942765860565e+00 2.771272773854651650e-01
-2.084908589098326992e+00 2.327550879543307250e-01
-2.084928655496741445e+00 1.883810082090141835e-01
-2.084849596370426550e+00 1.440306775360822300e-01
-2.084904613214778824e+00 9.958425328702102952e-02
-2.084848478868043031e+00 5.520710946589942048e-02
-2.084929093932204047e+00 1.089522642337776778e-02
-2.084845502915800175e+00 -3.352638623069409407e-02
-2.084867484692183304e+00 -7.789023812666952262e-02
-2.084865183396896526e+00 -1.223267137624193535e-01
-2.084866485993229102e+00 -1.666614045593651783e-01
-2.084860395356329388e+00 -2.110269162676433885e-01
-2.084908526855216770e+00 -2.554674310009315552e-01
-2.084903825098559427e+00 -2.997911292461494237e-01
-2.084834542792990408e+00 -3.441503793562293301e-01
-2.084853990915977118e+00 -3.885685986735329389e-01
-2.084818936937907097e+00 -4.329577948186711933e-01
-2.084852443266009825e+00 -4.773103846926333715e-01
-2.084868563715797762e+00 -5.216721340238843485e-01
-2.084854251029290229e+00 -5.660342591356477548e-01
-2.084800959914931529e+00 -6.104789609352637703e-01
-2.084805566562699664e+00 -6.548287024296631786e-01
-2.084818086686609284e+00 -6.991986780673663526e-01
-2.084774937347467993e+00 -7.435724651520002615e-01
-2.084826895614198428e+00 -7.879798920089409187e-01
-2.084765343195153164e+00 -8.322823040344065060e-01
-2.084782355461234804e+00 -8.766655681405364220e-01
-2.084763383431656791e+00 -9.210862186047117373e-01
-2.084746986014113457e+00 -9.654602983725482090e-01
-2.084760017375349772e+00 -1.009788544138457977e+00
-2.084749348029098392e+00 -1.054207834253040099e+00
-2.084748904808466197e+00 -1.098554389693330080e+00
-2.084719915417222680e+00 -1.142961685237503966e+00
-2.084761743280286961e+00 -1.187323918864872097e+00
-2.084700050385916104e+00 -1.231721479939779762e+00
-2.084704687656511179e+00 -1.276003676656493280e+00
-2.084743047100477753e+00 -1.320427156733803287e+00
-2.084691041673113254e+00 -1.364827758896585586e+00
-2.084695237122907940e+00 -1.409187854019478658e+00
-2.084710185767491453e+00 -1.453547504093310794e+00
-2.084723421617168171e+00 -1.497937013433533249e+00
-2.084718165402451362e+00 -1.542267634994545666e+00
-2.084726049282487281e+00 -1.586680451182915563e+00
-2.084661593336733176e+00 -1.631040637399621573e+00
-2.084658414186934206e+00 -1.675427564229977850e+00
-2.084661009604627413e+00 -1.719719674351895433e+00
-2.084669829937824570e+00 -1.764106412345196606e+00
-2.084727968440607260e+00 -1.808533560040514132e+00
-2.084693917715064071e+00 -1.852846050979636727e+00
-2.084661634017851206e+00 -1.897240811528246418e+00
-2.084719338256953769e+00 -1.941597425765873908e+00
-2.084668775369625582e+00 -1.985976205972837638e+00
-2.084718850692059533e+00 -2.030317372814992360e+00
-2.084664825458555359e+00 -2.074739729970655144e+00
-2.084653134692239007e+00 -2.119120185693749381e+00
-2.084697104810859791e+00 -2.163475063035708246e+00
-2.084664184958520128e+00 -2.207837642552809232e+00
-2.084712881875401269e+00 -2.252195586941615701e+00
-2.084654677579170112e+00 -2.296600433548565245e+00
-2.084691328675921440e+00 -2.340948392657213439e+00
-2.084665862081431342e+00 -2.385308214038285968e+00
-2.084697415813193011e+00 -2.429710988386382997e+00
-2.084675221425686953e+00 -2.474087841675793431e+00
-2.084726817035586155e+00 -2.518464242400360042e+00
-2.084744034230342713e+00 -2.562821881853055928e+00
-2.084670001686958596e+00 -2.607183898112455100e+00
-2.084740022545640059e+00 -2.651564867428633399e+00
-2.084698044956198260e+00 -2.695956877472165836e+00
-2.084704812108205463e+00 -2.740308675976427022e+00
-2.084709353353039418e+00 -2.784700509917408695e+00
-2.084738751756733510e+00 -2.829049899091464759e+00
-2.084721647092389052e+00 -2.873433197862226951e+00
-2.084743778572006434e+00 -2.917788831108527603e+00
-2.084683189597785091e+00 -2.962205085650226000e+00
-2.084693663357955806e+00 -3.006525805157747921e+00
-2.084732932234777181e+00 -3.050902857449558692e+00
-2.084722985334781509e+00 -3.095328440748066345e+00
-2.084706221388160419e+00 -3.139651539142549019e+00
-2.084751115243689945e+00 -3.184075288363632961e+00
-2.084718280915880850e+00 -3.228444895954310390e+00
-2.084746003998586783e+00 -3.272771337282148085e+00
-2.084775374713382590e+00 -3.317158250627413985e+00
-2.084732964542602485e+00 -3.361562467596454162e+00
-2.084769715732320172e+00 -3.405883917433595531e+00
-2.084759504300547128e+00 -3.450290698827154667e+00
-2.084732093298558020e+00 -3.494695335362123956e+00
-2.084769568873882317e+00 -3.539014287621921717e+00
-2.084798416092956241e+00 -3.583445110176002313e+00
-2.084766743677592959e+00 -3.627784183112502614e+00
-2.084741870452019530e+00 -3.672144407069925176e+00
-2.084801236011106340e+00 -3.716500421715057012e+00
-2.084821027222377943e+00 -3.760940185933915991e+00
-2.084821642380147999e+00 -3.805326257583967475e+00
-2.084739825986171358e+00 -3.849662655247598320e+00
-2.084794323959193285e+00 -3.894029593664229072e+00
-2.084776091359323846e+00 -3.938458147694007039e+00
-2.084805560170920113e+00 -3.982814665320479897e+00
-2.084784125740061445e+00 -4.027147263526365428e+00
-2.084784006479428520e+00 -4.071545648088513047e+00
-2.084742621787891714e+00 -4.115972536828196304e+00
-2.084824888525753206e+00 -4.160359087733075611e+00
-2.084744184140235657e+00 -4.204684433737774896e+00
-2.084780978544460428e+00 -4.249050587624020991e+00
-2.084758793453844739e+00 -4.293491334133133996e+00
-2.084800226043455940e+00 -4.337835712262317678e+00
-2.084792399393937679e+00 -4.382229033652448535e+00
-2.084734561987358958e+00 -4.426582659294037825e+00
-2.084747521635351930e+00 -4.471003950890786172e+00
-2.084697560419603857e+00 -4.515341939564429197e+00
-2.084764712750110327e+00 -4.559689191514757489e+00
-2.084710187151782357e+00 -4.604128035742565572e+00
-2.084717761441442274e+00 -4.648490018658057998e+00
-2.084660638916371767e+00 -4.692857566370705946e+00
-2.084697391806051403e+00 -4.737271770661667603e+00
-2.084604938850453060e+00 -4.781655633830572683e+00
-2.084589264882709791e+00 -4.826023879499390823e+00
-2.084584846789172996e+00 -4.870403102740468171e+00
-2.084590826863621960e+00 -4.914742907695031526e+00
-2.084583778873453586e+00 -4.959151519277450681e+00
-2.084500220545864035e+00 -5.003535836745167664e+00
-2.084461259772932173e+00 -5.047934954245627992e+00
-2.084416029548710192e+00 -5.092244836174089961e+00
-2.084443166228709288e+00 -5.136612474115577420e+00
-2.084377245726846795e+00 -5.181037151807648122e+00
-2.084318602994474467e+00 -5.225372741476057570e+00
-2.084358636982245550e+00 -5.269760472248087524e+00
-2.084295084655574115e+00 -5.314136726818901479e+00
-2.084262490924857936e+00 -5.358559655211951878e+00
-2.084216797114410102e+00 -5.402960526116269868e+00
-2.084167128931118551e+00 -5.447316771248132738e+00
-2.084150039265856513e+00 -5.491672308715994433e+00
-2.084049040841407852e+00 -5.536099490909804466e+00
-2.084048794742714872e+00 -5.580469548301350891e+00
-2.083979128581097573e+00 -5.624779846578830345e+00
-2.083959087314879444e+00 -5.669159743927276729e+00
-2.083921998425525501e+00 -5.713602290879213008e+00
-2.083866231525052015e+00 -5.757907630381959407e+00
-2.083844551809624246e+00 -5.802303528861882498e+00
-2.083781522837125255e+00 -5.846695689447478195e+00
-2.083788801325340057e+00 -5.891112515381704995e+00
-2.083743066851835746e+00 -5.935476005495074148e+00
-2.083721717495682135e+00 -5.979846107581441750e+00
-2.083622139942271190e+00 -6.024183023878059373e+00
-2.083604303538996394e+00 -6.068549954751642161e+00
-2.083613304096387786e+00 -6.112956074563809850e+00
-2.083508563548582160e+00 -6.157390416628790497e+00
-2.083522444585341749e+00 -6.201681190914054120e+00
-2.083427166995729607e+00 -6.246124329775940787e+00
-2.083454944215525018e+00 -6.290438747979956169e+00
-2.083401424726234463e+00 -6.334871570166659360e+00
-2.083344533950168831e+00 -6.379266468818452829e+00
-2.083330067604461711e+00 -6.423588070928832217e+00
-2.083305784811095851e+00 -6.467964584548894003e+00
-2.083238704916784201e+00 -6.512331349937563019e+00
-2.083172757237617301e+00 -6.556708411933814595e+00
-2.083173416905098829e+00 -6.601104732975992206e+00
-2.083152691466859885e+00 -6.645482858011040328e+00
-2.083061274438350541e+00 -6.689841580247665398e+00
-2.083024868789859152e+00 -6.734265941438525971e+00
-2.083010026983622254e+00 -6.778669659990187668e+00
-2.082938208736624386e+00 -6.822981319084858498e+00
-2.082966188088630322e+00 -6.867432555646585612e+00
-2.082892619507144882e+00 -6.911810917372188889e+00
-2.082903233867678949e+00 -6.956172202678214234e+00
-2.082803854211759731e+00 -7.000556357934886620e+00
-2.082834213651239885e+00 -7.044928939814823821e+00
-2.082711703263543157e+00 -7.089293949970257636e+00
-2.082694337064082912e+00 -7.133699074787959837e+00
-2.082721755434791433e+00 -7.178059286681733653e+00
-2.082684381059597190e+00 -7.222409020497584820e+00
-2.082566941411784889e+00 -7.266837772157732189e+00
-2.082598480898731452e+00 -7.311183410710550667e+00
-2.082517488184338017e+00 -7.355546741326238092e+00
-2.082458418054540239e+00 -7.399906863219659847e+00
-2.082449374794337782e+00 -7.444364887490231730e+00
-2.082412810222248112e+00 -7.488709433032623153e+00
-2.082342682860445215e+00 -7.533073449585558912e+00
-2.082328603903759845e+00 -7.577445384953696461e+00
-2.082343732621236843e+00 -7.621811298101318854e+00
-2.082300698997542110e+00 -7.666202841903357879e+00
-2.082196054696074494e+00 -7.710598129598180250e+00
-2.082189682124867325e+00 -7.754997405375251063e+00
-2.082126537877798000e+00 -7.799393716008898636e+00
-2.082080070362965163e+00 -7.843732473359214197e+00
-2.082056476938917378e+00 -7.888125969233911405e+00
-2.082035393128123690e+00 -7.932469564319162281e+00
-2.081977182771392876e+00 -7.976841736540571937e+00
-2.081990849891109274e+00 -8.021261983495223902e+00
-2.081888658205655940e+00 -8.065631263102380544e+00
-2.081859126464185028e+00 -8.110057634019735673e+00
-2.081836308595511831e+00 -8.154363126546856577e+00
-2.081790117779301674e+00 -8.198824791235518106e+00
-2.081774552088298424e+00 -8.243131609021608242e+00
-2.081737660142587210e+00 -8.287563677809790974e+00
-2.081709643398765852e+00 -8.331965383597726316e+00
-2.081667846285399914e+00 -8.376322561086391616e+00
-2.068754610422168572e+00 -8.376281908113078600e+00
-2.055800796215097481e+00 -8.376316571843148040e+00
-2.042910168894240819e+00 -8.376299183365034651e+00
-2.029944127044261304e+00 -8.376270307182405617e+00
-2.017016322947932760e+00 -8.376303214362948779e+00
-2.004113958108842297e+00 -8.376225495271029331e+00
-1.991172812173379603e+00 -8.376257594500447823e+00
-1.978248118032333691e+00 -8.376240118528647471e+00
-1.965331322118337720e+00 -8.376241329760912180e+00
-1.952423966783233933e+00 -8.376212020048804163e+00
-1.939487002155746875e+00 -8.376233139588970644e+00
-1.926555942505435270e+00 -8.376237230857251248e+00
-1.913638744046197271e+00 -8.376232969693839792e+00
-1.900734848017298750e+00 -8.376208761410053327e+00
-1.887809867022071764e+00 -8.376171728815357653e+00
-1.874854727816841260e+00 -8.376184572910274184e+00
-1.861979260535752134e+00 -8.376198841374121073e+00
-1.849060348275579635e+00 -8.376195247586244008e+00
-1.836125972990673594e+00 -8.376127096837693742e+00
-1.823225922093586693e+00 -8.376142115230496898e+00
-1.810323633333382976e+00 -8.376114677388670771e+00
-1.797355743609481804e+00 -8.376117749134900592e+00
-1.784482054118403438e+00 -8.376153092484180718e+00
-1.771516941272290646e+00 -8.376075208177930165e+00
-1.758606479200749861e+00 -8.376117208352511057e+00
-1.745686233741637894e+00 -8.376069747961619072e+00
-1.732753662048459820e+00 -8.376102713716155890e+00
-1.719873608590523295e+00 -8.376096074265747760e+00
-1.706876673385484322e+00 -8.376086665723144975e+00
-1.693980833699446631e+00 -8.376037094214098033e+00
-1.681110697875167315e+00 -8.376095452840770506e+00
-1.668104966292714542e+00 -8.376068709802902745e+00
-1.655232385580432286e+00 -8.376059208641656539e+00
-1.642318607454611445e+00 -8.376011177307249866e+00
-1.629408630578093931e+00 -8.376050582028156555e+00
-1.616417108997636243e+00 -8.376037080382431554e+00
-1.603497589026881665e+00 -8.376052315440484008e+00
-1.590646836884729520e+00 -8.376010762058152537e+00
-1.577694537928312046e+00 -8.376029034848798460e+00
-1.564774094798852433e+00 -8.376022169270758155e+00
-1.551895291993579562e+00 -8.375988095777829656e+00
-1.538965440679468388e+00 -8.376015399123188487e+00
-1.526023794851665061e+00 -8.375977080962819343e+00
-1.513049116663335081e+00 -8.375999200753255991e+00
-1.500132010213401923e+00 -8.376004948423297236e+00
-1.487255039050714212e+00 -8.375971326029688413e+00
-1.474326800823910766e+00 -8.375913666873637808e+00
-1.461429227753116900e+00 -8.375980885320236879e+00
-1.448459080777954489e+00 -8.375960583368643242e+00
-1.435569082637242033e+00 -8.375948074414340638e+00
-1.422604203053254190e+00 -8.375918166368556683e+00
-1.409697347028024517e+00 -8.375902676649637613e+00
-1.396785882191930561e+00 -8.375879328622948705e+00
-1.383888531304765301e+00 -8.375934240800855690e+00
-1.370925908320651976e+00 -8.375849850720388901e+00
-1.358028774799303395e+00 -8.375862679873954164e+00
-1.345059565493159193e+00 -8.375843859930931501e+00
-1.332183833423907338e+00 -8.375828284484294173e+00
-1.319263207967214635e+00 -8.375875476989273594e+00
-1.306361389808982088e+00 -8.375817107334206923e+00
-1.293390735526457558e+00 -8.375825479377391858e+00
-1.280473174542759773e+00 -8.375806475982443544e+00
-1.267526552195656686e+00 -8.375823249249590319e+00
-1.254656956822442826e+00 -8.375865294605118194e+00
-1.241682129101539411e+00 -8.375817993391207139e+00
-1.228781951631374492e+00 -8.375791299985653637e+00
-1.215833775833767838e+00 -8.375817907639852677e+00
-1.202924549491903417e+00 -8.375786131844471072e+00
-1.190030453900415397e+00 -8.375814334817176743e+00
-1.177064282409255869e+00 -8.375748166159485919e+00
-1.164181226636003652e+00 -8.375774212083715753e+00
-1.151222562550440420e+00 -8.375789876822009816e+00
-1.138325275581155038e+00 -8.375779542047984805e+00
-1.125423124791667950e+00 -8.375789689817088046e+00
-1.112522797396303220e+00 -8.375735785355415075e+00
-1.099615404497815474e+00 -8.375779979224509120e+00
-1.086654411431310585e+00 -8.375707766194475212e+00
-1.073707943065941528e+00 -8.375750774682272137e+00
-1.060778001608673637e+00 -8.375708389689302535e+00
-1.047884756855452126e+00 -8.375728502039274659e+00
-1.034972534006121547e+00 -8.375706912591759590e+00
-1.022076568565459809e+00 -8.375673691502214524e+00
-1.009104560862651212e+00 -8.375682321211085579e+00
-9.962116196089373377e-01 -8.375658848679687907e+00
-9.833042705890423507e-01 -8.375723200416686609e+00
-9.703030179535371280e-01 -8.375728296675031714e+00
-9.574253184581207332e-01 -8.375680610087934852e+00
-9.445272965058323367e-01 -8.375689639312840384e+00
-9.316147297633382562e-01 -8.375630121394918248e+00
-9.186782864204235954e-01 -8.375656060846882411e+00
-9.057737604674286347e-01 -8.375671816971468786e+00
-8.927762356978758973e-01 -8.375620888517596896e+00
-8.799204903538743183e-01 -8.375674715064754139e+00
-8.669904885091510582e-01 -8.375667522198302350e+00
-8.540562464994945202e-01 -8.375596030915479773e+00
-8.411606598309001592e-01 -8.375637492107651738e+00
-8.282078513271819986e-01 -8.375580575514854687e+00
-8.152677221038374666e-01 -8.375582522016790321e+00
-8.023284580846341552e-01 -8.375623566869027314e+00
-7.894200347643083315e-01 -8.375583489639787160e+00
-7.764639848753007723e-01 -8.375597660109360021e+00
-7.635521844218409182e-01 -8.375612278451040282e+00
-7.506589043352426271e-01 -8.375588583059460746e+00
-7.376905120783603387e-01 -8.375560185509364430e+00
-7.248315526712499901e-01 -8.375546042030334704e+00
-7.118432828908415333e-01 -8.375581307286646293e+00
-6.989419446312860051e-01 -8.375577611571635828e+00
-6.860624117192820615e-01 -8.375551826357687801e+00
-6.730963513786113461e-01 -8.375493551415278404e+00
-6.601914029261890526e-01 -8.375493270117033262e+00
-6.472384617007166385e-01 -8.375537553535725266e+00
-6.343875508239448235e-01 -8.375490154749723359e+00
-6.214596676263641761e-01 -8.375547069693995539e+00
-6.084758891282792126e-01 -8.375477820851180866e+00
-5.956102958930475921e-01 -8.375492986374132087e+00
-5.826261595219579537e-01 -8.375494741589760039e+00
-5.697069981349621726e-01 -8.375532527859856913e+00
-5.567861239629627867e-01 -8.375527482138874547e+00
-5.438488557714333815e-01 -8.375519192312969707e+00
-5.309669687706403129e-01 -8.375492959614996735e+00
-5.180024673618480735e-01 -8.375479528369398352e+00
-5.050843740580739372e-01 -8.375478829966041872e+00
-4.921661135815680321e-01 -8.375438562105667728e+00
-4.792848347697722389e-01 -8.375460086554465278e+00
-4.663189575783514562e-01 -8.375440940004789780e+00
-4.534649940976433480e-01 -8.375429937827409077e+00
-4.404922913844601107e-01 -8.375398233586345498e+00
-4.276000602584406618e-01 -8.375456302522835017e+00
-4.146457653819918265e-01 -8.375462863230051624e+00
-4.017338358134168730e-01 -8.375411644749906515e+00
-3.888339284867232126e-01 -8.375372331819804117e+00
-3.758817769050623037e-01 -8.375426667541066905e+00
-3.629286478879039102e-01 -8.375400711832853062e+00
-3.500466463418847041e-01 -8.375359972863360980e+00
-3.370722636089891755e-01 -8.375415942780859879e+00
-3.242299680787982252e-01 -8.375363423952467912e+00
-3.112600369549324841e-01 -8.375395066011302347e+00
-2.983444148519657779e-01 -8.375382100527147600e+00
-2.853911343480487472e-01 -8.375400896414189944e+00
-2.724633325592255018e-01 -8.375333162139924070e+00
-2.595347319356141047e-01 -8.375322434494968604e+00
-2.466761365654547844e-01 -8.375362234398428640e+00
-2.337575591291422283e-01 -8.375324633441293187e+00
-2.208318193024517984e-01 -8.375340346711350747e+00
-2.078542856029312325e-01 -8.375332192289079103e+00
-1.949634227473376336e-01 -8.375324715349867333e+00
-1.820312803505773624e-01 -8.375313925267619197e+00
-1.691250454584977414e-01 -8.375324386146301592e+00
-1.562121046970426919e-01 -8.375274981800822971e+00
-1.432183445677238376e-01 -8.375269505134671277e+00
-1.303505687864593976e-01 -8.375338582088616590e+00
-1.174000325951903845e-01 -8.375288778536770451e+00
-1.044744525573797905e-01 -8.375320038695379665e+00
-9.154758789424231880e-02 -8.375303643700604539e+00
-7.861922760877432248e-02 -8.375259333676421392e+00
-6.567430045195106481e-02 -8.375237093928031840e+00
-5.280328878986134677e-02 -8.375273143720942670e+00
-3.987530741489993258e-02 -8.375295747072666330e+00
-2.691406064288625472e-02 -8.375269497732872992e+00
-1.403851085309594515e-02 -8.375224727739556840e+00
-1.095093044747333768e-03 -8.375283571357828194e+00
1.185190409187447842e-02 -8.375264517765186767e+00
2.476787160015644917e-02 -8.375190251330463909e+00
3.769982618103491501e-02 -8.375244804716388103e+00
5.063492996182622496e-02 -8.375207557716912277e+00
6.352382206279592880e-02 -8.375222113934379209e+00
7.648077955606720491e-02 -8.375176660783203886e+00
8.939026393217548716e-02 -8.375201894284568738e+00
1.023228815684023296e-01 -8.375218858635513186e+00
1.151969540721791280e-01 -8.375173801203391832e+00
1.281676098368600136e-01 -8.375211071363446891e+00
1.410894840395648386e-01 -8.375145300744470944e+00
1.539874927679277805e-01 -8.375153802906753597e+00
1.669058684012906524e-01 -8.375203591328022057e+00
1.798670618274526289e-01 -8.375197352377240279e+00
1.927949267357887964e-01 -8.375146845886206393e+00
2.056997877619881898e-01 -8.375171621607744754e+00
2.185921415327028716e-01 -8.375156347848903948e+00
2.315483687827538106e-01 -8.375141040443574880e+00
2.444512746408357695e-01 -8.375132616325537072e+00
2.574138185519943556e-01 -8.375117629306631173e+00
2.703597473276417307e-01 -8.375147832636516299e+00
2.832290380536687247e-01 -8.375120520829424819e+00
2.961608062452502632e-01 -8.375121306074520433e+00
3.090640132572531340e-01 -8.375127233283237160e+00
3.220181050479984930e-01 -8.375120894686679307e+00
3.349161309266376341e-01 -8.375061478524534309e+00
3.479028374306213367e-01 -8.375136632816518656e+00
3.608111024743365092e-01 -8.375108524002323307e+00
3.737565358913577107e-01 -8.375080227118795406e+00
3.866317467976507771e-01 -8.375118615536267797e+00
3.995968757334038557e-01 -8.375040752420154888e+00
4.125093722707559030e-01 -8.375095514799861363e+00
4.254256972894756017e-01 -8.375089594232262513e+00
4.383371887921924670e-01 -8.375091487984587246e+00
4.512424759932441298e-01 -8.375087490235202381e+00
4.642323470444674749e-01 -8.375016974463219910e+00
4.771647959709233722e-01 -8.375073175738123155e+00
4.900560969205818296e-01 -8.375052457415423035e+00
5.029505389776804947e-01 -8.375067977625009874e+00
5.028980322792768742e-01 -8.330688606204427415e+00
