4.722608312457959312e-01 -8.333077737946435803e+00
4.726016819486273945e-01 -8.288697605152197667e+00
4.729565174137149719e-01 -8.244319195602772155e+00
4.732749254581780085e-01 -8.199880400535846547e+00
4.736126849243112447e-01 -8.155514497693783227e+00
4.739341828965756287e-01 -8.111144300354814263e+00
4.742814093735937542e-01 -8.066754051985343565e+00
4.745538582271811023e-01 -8.022392172204787286e+00
4.749332184006204161e-01 -7.977999487132593437e+00
4.752525272856980010e-01 -7.933567019323942482e+00
4.756209318090394711e-01 -7.889155041791227063e+00
4.759497404032934087e-01 -7.844779588742953003e+00
4.762774072627452004e-01 -7.800457827354223106e+00
4.765504318272905104e-01 -7.755995788742910513e+00
4.769416101581725465e-01 -7.711658182638568171e+00
4.772402493639050225e-01 -7.667271093501238255e+00
4.776066276570193891e-01 -7.622838924840996455e+00
4.779605367809380834e-01 -7.578518063522226456e+00
4.782962212608188879e-01 -7.534117212125126528e+00
4.785885103388022865e-01 -7.489729761730852253e+00
4.789023918976560434e-01 -7.445345180728957679e+00
4.792557000110180265e-01 -7.400937658461167246e+00
4.796000944622746953e-01 -7.356562021002835294e+00
4.799758307484230935e-01 -7.312168688531972549e+00
4.802770224279437339e-01 -7.267779861081826276e+00
4.806454051409628780e-01 -7.223392762198697525e+00
4.809655965272901512e-01 -7.178948436238488107e+00
4.813375812636609963e-01 -7.134606312997185285e+00
4.816859757923552809e-01 -7.090194539038848554e+00
4.820395303593953407e-01 -7.045837066235070445e+00
4.823568050040413779e-01 -7.001363925963230983e+00
4.826617745916921276e-01 -6.957036826919233974e+00
4.830242103872096071e-01 -6.912617207891059046e+00
4.833848353032372258e-01 -6.868223934132466013e+00
4.837399724104917142e-01 -6.823848456067389101e+00
4.840565591211486440e-01 -6.779426030132123415e+00
4.844127521313249529e-01 -6.735029588012152679e+00
4.847818436546010856e-01 -6.690621759292922910e+00
4.851416112440237738e-01 -6.646260730802349137e+00
4.855056902440861855e-01 -6.601805229125538688e+00
4.857998417696899884e-01 -6.557455027771119660e+00
4.862367929005744216e-01 -6.513030218310815300e+00
4.865813855751628947e-01 -6.468606912601639003e+00
4.869301651360713468e-01 -6.424183898669373782e+00
4.872863081798823326e-01 -6.379847907701392096e+00
4.876688817831246747e-01 -6.335413668101645968e+00
4.879756989029724878e-01 -6.291008017186341839e+00
4.883755784624348451e-01 -6.246610553890932671e+00
4.886702472622115878e-01 -6.202159682512492722e+00
4.891006412325742958e-01 -6.157748499349724014e+00
4.894718986559248863e-01 -6.113382227103460131e+00
4.897865659988503984e-01 -6.068945009314733241e+00
4.901769533536440293e-01 -6.024535711590693232e+00
4.905193162094184101e-01 -5.980134590656094318e+00
4.909382015554072942e-01 -5.935715935597740689e+00
4.913086428347502865e-01 -5.891268142789038542e+00
4.916804003166753700e-01 -5.846918834569899026e+00
4.919835723592575483e-01 -5.802489200994255469e+00
4.924286940208110752e-01 -5.758053369845924863e+00
4.927403480868828289e-01 -5.713617130598803051e+00
4.931663284921550816e-01 -5.669178378449787559e+00
4.935711875308056995e-01 -5.624793830926502203e+00
4.938988293734544177e-01 -5.580342861099853558e+00
4.942716804404687636e-01 -5.535921340802063106e+00
4.946732743627625384e-01 -5.491469198957501519e+00
4.950956836474675882e-01 -5.447046156117522742e+00
4.955234028125811707e-01 -5.402668768835227731e+00
4.958967140443569788e-01 -5.358247967566493131e+00
4.963236549067146508e-01 -5.313804011817041761e+00
4.966939892661033085e-01 -5.269400695828240444e+00
4.970753932723990243e-01 -5.224945810954693570e+00
4.975415906694040102e-01 -5.180520311813761936e+00
4.979235368365752534e-01 -5.136134350303294127e+00
4.983561434208274021e-01 -5.091713668857102526e+00
4.988011883516332290e-01 -5.047254829741110171e+00
4.992627016055518063e-01 -5.002821858260983134e+00
4.997420265097136105e-01 -4.958474503104525866e+00
5.001650344863822761e-01 -4.914090666747223501e+00
5.003281284413610974e-01 -4.869715377551311342e+00
5.005734265377637104e-01 -4.825393692931627676e+00
5.007403771365468437e-01 -4.781049783672014719e+00
5.009716910398133161e-01 -4.736653995967285091e+00
5.010973549591201115e-01 -4.692367463090016955e+00
5.012870543604720508e-01 -4.648017130819436460e+00
5.014689474907089162e-01 -4.603667047320288752e+00
5.016233933316640581e-01 -4.559251817490220127e+00
5.016896546000678692e-01 -4.514909603774996505e+00
5.018032644056135139e-01 -4.470558808227902858e+00
5.019250190524012778e-01 -4.426188273847742494e+00
5.020368846640061999e-01 -4.381791403820495923e+00
5.020964578325498584e-01 -4.337470691686986513e+00
5.021612684205227772e-01 -4.293118362692350587e+00
5.021711579130225811e-01 -4.248760126896607758e+00
5.022208428286725201e-01 -4.204345227313508460e+00
5.022924842989613392e-01 -4.160026368595703516e+00
5.022961492021307262e-01 -4.115643483919761536e+00
5.023349489962207759e-01 -4.071236572880454929e+00
5.023313524185111234e-01 -4.026834889483879465e+00
5.023727504924709875e-01 -3.982428847570131492e+00
5.023381634285518649e-01 -3.938083131755942823e+00
5.024067181043779806e-01 -3.893752276825012348e+00
5.023264249378532886e-01 -3.849288931339973630e+00
5.023649132287387742e-01 -3.804962222834926244e+00
5.023377721629193049e-01 -3.760564492028227068e+00
5.023336915525267177e-01 -3.716173212951312532e+00
5.022985848467147463e-01 -3.671772469659289051e+00
5.022306902608071333e-01 -3.627392797561420412e+00
5.022341704742483426e-01 -3.583021302498848648e+00
5.021506041524610442e-01 -3.538652230485166417e+00
5.021914897364473385e-01 -3.494241447755734420e+00
5.021466808245553803e-01 -3.449921624685131860e+00
5.020563743193146022e-01 -3.405470389860515645e+00
5.019923629230663709e-01 -3.361133715908243058e+00
5.020354029174659560e-01 -3.316707255026188683e+00
5.019072400804900358e-01 -3.272381099436094232e+00
5.019370501978850374e-01 -3.227940550197628600e+00
5.018661848694753180e-01 -3.183630031820286366e+00
5.017760867269065450e-01 -3.139176733146136211e+00
5.018002826278082917e-01 -3.094845948767982691e+00
5.016968375892923993e-01 -3.050465766294222281e+00
5.016917399170588432e-01 -3.006073869086038908e+00
5.016306828086003478e-01 -2.961677424385730006e+00
5.016055022089209725e-01 -2.917338194441041921e+00
5.015354554980661073e-01 -2.872951688353146071e+00
5.015196537312502922e-01 -2.828599632695210087e+00
5.014829142687579067e-01 -2.784215003417503720e+00
5.013857160595786011e-01 -2.739848752119651287e+00
5.013617635609999290e-01 -2.695459453601966704e+00
5.012780152565632363e-01 -2.651101406258768112e+00
5.013118189302032679e-01 -2.606679894643453288e+00
5.011964385557847734e-01 -2.562307408906104200e+00
5.011879100450769009e-01 -2.517953152750144863e+00
5.011515187535695581e-01 -2.473560055695101845e+00
5.011408515288890975e-01 -2.429229415438402651e+00
5.010815017864170828e-01 -2.384861892455862886e+00
5.010152456449228353e-01 -2.340520852763181558e+00
5.010198047112947028e-01 -2.296136646175231721e+00
5.009529534576924181e-01 -2.251766532135943244e+00
5.009472305536415426e-01 -2.207328540776195780e+00
5.008686324423233804e-01 -2.162986744103787995e+00
5.008416342824358880e-01 -2.118661108358323109e+00
5.008112136059561514e-01 -2.074262435507241431e+00
5.008343825646928149e-01 -2.029852654058307060e+00
5.007971626172011970e-01 -1.985483504061512194e+00
5.007417225469207311e-01 -1.941145590065326054e+00
5.007578374809560362e-01 -1.896749934315097752e+00
5.006497409204040405e-01 -1.852380587660123590e+00
5.006976728388148334e-01 -1.808019120025865956e+00
5.006889270238539247e-01 -1.763706177907437889e+00
5.006506694860073381e-01 -1.719259573160796251e+00
5.006187905013719242e-01 -1.674893293392096583e+00
5.006157954555163769e-01 -1.630578965732493169e+00
5.005794577004833990e-01 -1.586224983659242804e+00
5.005843104043466996e-01 -1.541793285231223942e+00
5.005283202331196613e-01 -1.497457561598015463e+00
5.005255863448870857e-01 -1.453053807675618758e+00
5.005111491138278801e-01 -1.408761181031322307e+00
5.004642435761887942e-01 -1.364390342322266081e+00
5.004498224538280748e-01 -1.320002506429770239e+00
5.005153395924694104e-01 -1.275650109641112806e+00
5.004792181804743612e-01 -1.231216435051236235e+00
5.004628415448927337e-01 -1.186862920580365577e+00
5.004510978364640206e-01 -1.142554744722981575e+00
5.004649067429157716e-01 -1.098164062931595408e+00
5.004138543823598573e-01 -1.053778968356320789e+00
5.004032849994350940e-01 -1.009462249041907622e+00
5.004687827741667316e-01 -9.650513578905038914e-01
5.004277661218040629e-01 -9.206769203967428705e-01
5.004310820223142331e-01 -8.763104920639518403e-01
5.004953233624664932e-01 -8.319469366915112074e-01
5.004867822378952225e-01 -7.876289438037897828e-01
5.004632211311441647e-01 -7.432616128053541882e-01
5.004478374832150855e-01 -6.988388345785134792e-01
5.005084676802061816e-01 -6.544827426485954058e-01
5.005012484413509100e-01 -6.101153357804095512e-01
5.004976687437272531e-01 -5.657704918926890203e-01
5.005471170754994814e-01 -5.214148908361166956e-01
5.005690045605402094e-01 -4.770778936416296689e-01
5.005345380309110803e-01 -4.326647247427661269e-01
5.005191706774099192e-01 -3.883198622715165471e-01
5.006110922052210421e-01 -3.439199027722394386e-01
5.006259513780417780e-01 -2.996236051443336712e-01
5.005893809887516088e-01 -2.552000060034440021e-01
5.006325952443968497e-01 -2.108720719640370667e-01
5.006155581608660032e-01 -1.665066394074969924e-01
5.006693044329501019e-01 -1.221107853408592986e-01
5.006914768252207493e-01 -7.780208079873418558e-02
5.006931750370199330e-01 -3.338111886176046289e-02
5.007006430762981353e-01 1.097781391702755578e-02
5.007210875490429869e-01 5.531902116780877676e-02
5.007426016892637666e-01 9.966210156080040905e-02
5.007665111429737692e-01 1.440762578822553930e-01
5.008226538725941701e-01 1.884728327095448186e-01
5.008476679834761303e-01 2.328358895005902263e-01
5.008947192419774819e-01 2.771633709286391856e-01
5.008758159823770706e-01 3.215401132948054186e-01
5.009773556324057520e-01 3.659079428807244794e-01
5.009506910918272160e-01 4.102447417636305715e-01
5.009741134304819266e-01 4.546608731446180607e-01
5.010446952183018610e-01 4.990446250099627168e-01
4.881322920932357201e-01 4.989978175257303028e-01
4.751452460690175905e-01 4.990113100283353753e-01
4.622343559416074998e-01 4.989747215383089629e-01
4.493274045469605738e-01 4.989947037022680609e-01
4.364375943631556565e-01 4.989665803517681630e-01
4.234618668372598371e-01 4.989686516640688407e-01
4.105566313350853536e-01 4.988690112884743288e-01
3.976093151290843730e-01 4.988815425407527315e-01
3.846951157563197055e-01 4.988468186705774521e-01
3.717956016018641452e-01 4.988277598540277191e-01
3.588859966970959214e-01 4.988561309393994558e-01
3.459452659031109212e-01 4.988525118475599096e-01
3.329880516861049022e-01 4.987909051855058951e-01
3.201284614478908663e-01 4.988518972207000579e-01
3.071815710051920556e-01 4.988176315146537476e-01
2.942450937783546161e-01 4.988080911911288440e-01
2.812810635687982841e-01 4.987927226943905112e-01
2.684264564099443362e-01 4.987197232861063645e-01
2.554936930150131236e-01 4.987782078572488009e-01
2.425767212367969106e-01 4.987118329772199377e-01
2.296347192154170325e-01 4.986904953803590890e-01
2.166539809080180179e-01 4.986730056637851960e-01
2.037219517311686379e-01 4.986671472022583540e-01
1.908040683001431537e-01 4.986736110916202280e-01
1.778740245523907637e-01 4.986199432441721369e-01
1.649621876384716745e-01 4.986825528621757209e-01
1.520196299931806105e-01 4.986296989021091752e-01
1.391176842136949976e-01 4.986437831701339141e-01
1.261770923722939641e-01 4.986546018199647934e-01
1.132909634354765521e-01 4.985695968929087507e-01
1.003589959205672816e-01 4.985607602696773832e-01
8.742944435132522785e-02 4.985532196018621631e-01
7.448898817080668033e-02 4.985229770655593695e-01
6.160529210327953670e-02 4.985101602955250288e-01
4.867053715497175054e-02 4.984937114556086679e-01
3.568250870612901804e-02 4.985427575461416350e-01
2.281965677387377128e-02 4.984829596009537345e-01
9.876395213616436658e-03 4.984898479404191729e-01
-3.113336205723237025e-03 4.985161685808403020e-01
-1.597831334424773195e-02 4.984465198438010058e-01
-2.893107651234792105e-02 4.984416116421717113e-01
-4.184151085226375105e-02 4.984620047331722037e-01
-5.480728927877839135e-02 4.984678694761730533e-01
-6.776679994009029984e-02 4.983999708920356930e-01
-8.069005247167394812e-02 4.984512715536675298e-01
-9.360542658649742553e-02 4.984369887851271552e-01
-1.065310215029324770e-01 4.984144187867642906e-01
-1.194628293901927457e-01 4.983844789167236611e-01
-1.323671194075866642e-01 4.983503596344072140e-01
-1.453093438910172119e-01 4.983897721674049874e-01
-1.582784411149331383e-01 4.983607925777142067e-01
-1.711486859785695813e-01 4.983860011374745547e-01
-1.841267358872278603e-01 4.982955945773338557e-01
-1.970081964271839514e-01 4.982969902174770871e-01
-2.099802001778672267e-01 4.982966115695541820e-01
-2.229521191903088007e-01 4.983303305483905432e-01
-2.358247698222779021e-01 4.983108017733736683e-01
-2.488095540007910500e-01 4.982800332670507815e-01
-2.616644237378359383e-01 4.983126043881024314e-01
-2.746079084505678725e-01 4.982612123600860254e-01
-2.875361141387345332e-01 4.982460134062229873e-01
-3.004739021638674346e-01 4.982490822062418112e-01
-3.134089594723674099e-01 4.982419090152734320e-01
-3.263565975425025134e-01 4.982766166814557862e-01
-3.393348027078407769e-01 4.982698664676474820e-01
-3.522354625063598421e-01 4.981850923748545878e-01
-3.651915014415294536e-01 4.982462379810758679e-01
-3.781461664683231083e-01 4.982221208782483535e-01
-3.910329116018834705e-01 4.982206944778229674e-01
-4.039366180799846551e-01 4.982414184962555836e-01
-4.168836927761452871e-01 4.981695872143021009e-01
-4.298192404068150729e-01 4.982121247740424752e-01
-4.427375082153369168e-01 4.981646216922289150e-01
-4.556704408007374862e-01 4.981559275055416625e-01
-4.686897337005230813e-01 4.981306499601984572e-01
-4.815655373129711370e-01 4.982067837458125092e-01
-4.945598283830386355e-01 4.982059456594573610e-01
-5.074395249317709133e-01 4.981137195049797906e-01
-5.204093112174620339e-01 4.981133536552398988e-01
-5.333437134387609690e-01 4.981893460863671685e-01
-5.462198000939184617e-01 4.981098213207365011e-01
-5.591621407493134743e-01 4.981726917554499257e-01
-5.721556432819784321e-01 4.981494003874671339e-01
-5.851062224250092036e-01 4.981384564867675779e-01
-5.979888745517429882e-01 4.981584706364899362e-01
-6.109739939437032197e-01 4.981705338286749329e-01
-6.238610452478893231e-01 4.981319846541530372e-01
-6.367907079501697876e-01 4.981581041788271658e-01
-6.497577076983435118e-01 4.981755239442679506e-01
-6.626670124964434416e-01 4.981584586704884687e-01
-6.756008932783120757e-01 4.981283543418046356e-01
-6.885580680663939690e-01 4.980994700265460873e-01
-7.014746603653481127e-01 4.980917214474239185e-01
-7.144636282746776867e-01 4.980964726557864375e-01
-7.273578951217669619e-01 4.981310061699590341e-01
-7.403443719059743522e-01 4.981595581560698816e-01
-7.532294760549395063e-01 4.981388515615846613e-01
-7.661832483240647029e-01 4.981448028440925158e-01
-7.790871296555706982e-01 4.981328092378338179e-01
-7.920559097468852228e-01 4.981285737997586671e-01
-8.049961142988641960e-01 4.982038637539267789e-01
-8.178965710538452782e-01 4.981723189679183039e-01
-8.308983262684198623e-01 4.981944002061204912e-01
-8.437865660048872174e-01 4.981705788319482076e-01
-8.567355002782185425e-01 4.982166016072608339e-01
-8.696870848001786447e-01 4.981761572723761300e-01
-8.825816126042003162e-01 4.981644637017168531e-01
-8.955664253244652873e-01 4.982578404520452975e-01
-9.085175056308295582e-01 4.982675780699554191e-01
-9.214812951481858860e-01 4.982676582726052184e-01
-9.343761634688222406e-01 4.982651279115564158e-01
-9.473146595837268480e-01 4.982826245616199801e-01
-9.602292997070026592e-01 4.982854701820495502e-01
-9.731739404153012529e-01 4.983201047518746041e-01
-9.861743399816126354e-01 4.983454112106430745e-01
-9.991065974014236017e-01 4.983087074805085948e-01
-1.011969576425115314e+00 4.983453818109321865e-01
-1.024916109149477395e+00 4.984017784840326093e-01
-1.037879798912132001e+00 4.983983545213714339e-01
-1.050862050587614505e+00 4.984037804799660853e-01
-1.063810803752529344e+00 4.984354335995629937e-01
-1.076747904186263316e+00 4.984740665771876800e-01
-1.089608437660661178e+00 4.984789092234196972e-01
-1.102559746356511994e+00 4.984464677008712541e-01
-1.115552504509339515e+00 4.985278091283733004e-01
-1.128488421294794541e+00 4.985243940546936758e-01
-1.141369754740373610e+00 4.985492933999949861e-01
-1.154324740917501479e+00 4.986275481529068854e-01
-1.167304274730612379e+00 4.986599968535042615e-01
-1.180268171461891225e+00 4.986445858517461471e-01
-1.193195461081283160e+00 4.987112059370100159e-01
-1.206142697782882856e+00 4.987417896651469840e-01
-1.219030415037548831e+00 4.987971191218532607e-01
-1.231978909310283976e+00 4.988121361455483127e-01
-1.244938251550963271e+00 4.988457976453125609e-01
-1.257836203780395179e+00 4.988997577160607655e-01
-1.270772624089855807e+00 4.989684722739831102e-01
-1.283759170094264546e+00 4.989357752131514112e-01
-1.296675830743871938e+00 4.990481332117949753e-01
-1.309604503374511841e+00 4.991152671151829479e-01
-1.322538672433574147e+00 4.990940926874180006e-01
-1.335463071480048391e+00 4.991767746067542477e-01
-1.348410840841057556e+00 4.992377856915071743e-01
-1.361391469508099084e+00 4.993112692614418147e-01
-1.374352874925155232e+00 4.992919205295435203e-01
-1.387257822620217018e+00 4.994165978467336453e-01
-1.400146971410967112e+00 4.993667490641522932e-01
-1.413115608990200389e+00 4.993661466095026813e-01
-1.425983813665827604e+00 4.993641129987069216e-01
-1.438921837841150797e+00 4.994426841484343460e-01
-1.451876958180940536e+00 4.997805928438037171e-01
-1.464831115809246187e+00 5.001901484733514147e-01
-1.477712866640894296e+00 5.004626606317029713e-01
-1.490687403652281251e+00 5.006904299298449157e-01
-1.503513628004224056e+00 5.009442470793064039e-01
-1.516461997073136558e+00 5.012208845460673912e-01
-1.529370675203527430e+00 5.014229145954267608e-01
-1.542265900425817016e+00 5.016326352852926718e-01
-1.555202471401158082e+00 5.018295328841967384e-01
-1.568080362624114432e+00 5.019424112850748854e-01
-1.581012105207168394e+00 5.021510466696592623e-01
-1.593990079054401265e+00 5.023394687328590624e-01
-1.606848480258780132e+00 5.024840512878429033e-01
-1.619794283439931037e+00 5.027326489372893059e-01
-1.632724911942070367e+00 5.028926024257270866e-01
-1.645591531357017745e+00 5.030104426457587818e-01
-1.658504235138606564e+00 5.031799503746946511e-01
-1.671461511104119557e+00 5.033476112671212421e-01
-1.684362816156620202e+00 5.035198718142990248e-01
-1.697279317881888128e+00 5.036372873339863832e-01
-1.710193338429314203e+00 5.037799059646489441e-01
-1.723056643967154855e+00 5.039778940689449982e-01
-1.736006955192941126e+00 5.041449647013563906e-01
-1.748879317065502592e+00 5.042722653960123314e-01
-1.761792067799618167e+00 5.044260858893768740e-01
-1.774714850838907898e+00 5.044955129569776986e-01
-1.787666336435465686e+00 5.047077271085168571e-01
-1.800539268701596418e+00 5.048056500973365779e-01
-1.813491825780441324e+00 5.049593314223811413e-01
-1.826419838373572802e+00 5.050943843605157912e-01
-1.839322791085508113e+00 5.051838728921725918e-01
-1.852204487030700841e+00 5.053661585265279976e-01
-1.865117577504786572e+00 5.054922149350469240e-01
-1.878058283928427441e+00 5.055501425981314689e-01
-1.890968179938495419e+00 5.057122142804447718e-01
-1.903849933855924492e+00 5.058743524529797364e-01
-1.916818978380218086e+00 5.059574241802534678e-01
-1.929678658083622045e+00 5.060553337187803091e-01
-1.942641456622129059e+00 5.062010614058943814e-01
-1.955483082144640283e+00 5.063135371494388304e-01
-1.968442949943993270e+00 5.064168487450912970e-01
-1.981389308317556441e+00 5.065240199079714678e-01
-1.994290426089034840e+00 5.066440340016902244e-01
-2.007206535254096647e+00 5.068245749432138680e-01
-2.020117233748835783e+00 5.069255598613848779e-01
-2.032986783995816893e+00 5.069855982720646859e-01
-2.045923268548248242e+00 5.071005688908644116e-01
-2.058856242883676746e+00 5.072248030767473326e-01
-2.071720243741556278e+00 5.073354471675185495e-01
-2.084678099186710210e+00 5.074822308628333944e-01
-2.084747897913865167e+00 4.630881536300389678e-01
-2.084796529692819700e+00 4.186938157715129338e-01
-2.084890703928634181e+00 3.743452051217272536e-01
-2.084994541937527757e+00 3.299414486388475565e-01
-2.085044957799858434e+00 2.854950938684015505e-01
-2.085160765627108503e+00 2.411000507414904070e-01
-2.085247738097525172e+00 1.967000799793884591e-01
-2.085233136243374474e+00 1.523204094928624353e-01
-2.085350138372198625e+00 1.078437494501351818e-01
-2.085353280222207673e+00 6.343342533722301502e-02
-2.085490396216540532e+00 1.908819028729489414e-02
-2.085460808424762558e+00 -2.536984464885124607e-02
-2.085534080743622010e+00 -6.977010685711362847e-02
-2.085580578216432723e+00 -1.142441782831919994e-01
-2.085628065663661435e+00 -1.586170296788176892e-01
-2.085665768685480259e+00 -2.030213209645747308e-01
-2.085755430876356620e+00 -2.475005065889954448e-01
-2.085789894363968333e+00 -2.918635461711751589e-01
-2.085757628019244692e+00 -3.362629478634253100e-01
-2.085812077873431036e+00 -3.807205134188667017e-01
-2.085809983417831859e+00 -4.251495259147079486e-01
-2.085874525457411810e+00 -4.695410888432095531e-01
-2.085919835099387054e+00 -5.139418052330623210e-01
-2.085932917993204239e+00 -5.583429549623143417e-01
-2.085905330196480278e+00 -6.028268410757985363e-01
-2.085933958982200576e+00 -6.472147597839231770e-01
-2.085968919941449506e+00 -6.916224597280317132e-01
-2.085946633199753819e+00 -7.360340911816954934e-01
-2.086018042958963203e+00 -7.804779759629907332e-01
-2.085974378147499309e+00 -8.248173677382415470e-01
-2.086007981710112702e+00 -8.692363565932584857e-01
-2.086004246384376426e+00 -9.136925337130321623e-01
-2.086001782496976542e+00 -9.581014646701626614e-01
-2.086027523061237954e+00 -1.002463598186191573e+00
-2.086028378441388664e+00 -1.046916409372856460e+00
-2.086038312150001683e+00 -1.091295641372125313e+00
-2.086018593888157913e+00 -1.135735223077745548e+00
-2.086068712805075442e+00 -1.180128297151445516e+00
-2.086014211359991322e+00 -1.224556978643477123e+00
-2.086025140900192643e+00 -1.268868823364485365e+00
-2.086068940096527768e+00 -1.313320957674758871e+00
-2.086021396692520291e+00 -1.357750289322640302e+00
-2.086029280726689361e+00 -1.402137769550779733e+00
-2.086047133158769107e+00 -1.446523915756022793e+00
-2.086062507111717590e+00 -1.490939162259666828e+00
-2.086058628944592375e+00 -1.535294862857300657e+00
-2.086067203122002223e+00 -1.579731871897379625e+00
-2.086002663334649121e+00 -1.624116086549908911e+00
-2.085998827887401763e+00 -1.668525651502165585e+00
-2.086000153790179112e+00 -1.712839461850333311e+00
-2.086007114843399179e+00 -1.757247038696129193e+00
-2.086062893971532439e+00 -1.801693719716790598e+00
-2.086025825359670627e+00 -1.846025674395829430e+00
-2.085990015349745264e+00 -1.890439023253012829e+00
-2.086043858236154680e+00 -1.934812468711536226e+00
-2.085988840253248711e+00 -1.979208168808770818e+00
-2.086034221642057762e+00 -2.023564378729796776e+00
-2.085974982890606899e+00 -2.068001818739922282e+00
-2.085957837345630672e+00 -2.112395996632621564e+00
-2.085996178228836317e+00 -2.156763115745705228e+00
-2.085957286505728092e+00 -2.201137675349583489e+00
-2.085999969333323989e+00 -2.245505882758888738e+00
-2.085935441620010433e+00 -2.289921004840913987e+00
-2.085965851225020540e+00 -2.334277393112679899e+00
-2.085934001197002008e+00 -2.378645242294935347e+00
-2.085959271519923774e+00 -2.423054570040910960e+00
-2.085930759658275235e+00 -2.467437498421324094e+00
-2.085976267553253383e+00 -2.511818353772881096e+00
-2.085987486242769862e+00 -2.556179807455115860e+00
-2.085907481467710767e+00 -2.600545513869527259e+00
-2.085972030399605437e+00 -2.644927942473377147e+00
-2.085924663187304962e+00 -2.689321480833587241e+00
-2.085926477850109872e+00 -2.733673441079604860e+00
-2.085926455297486104e+00 -2.778064532067502146e+00
-2.085951798465199847e+00 -2.822412039603673151e+00
-2.085931061898588013e+00 -2.866792956904500755e+00
-2.085950225838426597e+00 -2.911144958323150789e+00
-2.085887151029186981e+00 -2.955557414041751318e+00
-2.085896017535947333e+00 -2.999872834958017265e+00
-2.085934547728699240e+00 -3.044243464409783329e+00
-2.085924650765965893e+00 -3.088662206465326410e+00
-2.085908899189385934e+00 -3.132977719382152859e+00
-2.085956017974490262e+00 -3.177392530951947069e+00
-2.085926396704917529e+00 -3.221753132713433221e+00
-2.085958730675668171e+00 -3.266069325262701106e+00
-2.085994089658607109e+00 -3.310445280822232661e+00
-2.085958967846684331e+00 -3.354838523795860006e+00
-2.086004761435977795e+00 -3.399147744652659231e+00
-2.086005181633505678e+00 -3.443542146091703948e+00
-2.085990160027950235e+00 -3.487934069816862159e+00
-2.086042088499793223e+00 -3.532239349870768930e+00
-2.086087452644510343e+00 -3.576656176720141467e+00
-2.086074270387772600e+00 -3.620981499153881344e+00
-2.086070219120091718e+00 -3.665327663262617719e+00
-2.086153098516733806e+00 -3.709668715312961496e+00
-2.086198947912405455e+00 -3.754093708653318817e+00
-2.086228304376554377e+00 -3.798465130332484563e+00
-2.086177875297019035e+00 -3.842787593757113207e+00
-2.086267331468416586e+00 -3.887139478739852549e+00
-2.086287203832853709e+00 -3.931553681258087796e+00
-2.086358411609805064e+00 -3.975895613446516208e+00
-2.086382283487142164e+00 -4.020214248847039151e+00
-2.086431626756851010e+00 -4.064598676909054298e+00
-2.086443877662762514e+00 -4.109012167364003432e+00
-2.086584764867311037e+00 -4.153384494588390652e+00
-2.086566869113577471e+00 -4.197697187967587951e+00
-2.086672201133886073e+00 -4.242049792493423510e+00
-2.086724045685797613e+00 -4.286477475047569818e+00
-2.086845602747359862e+00 -4.330808140897309144e+00
-2.086924221269280455e+00 -4.375187817097682341e+00
-2.086959429512082576e+00 -4.419527643298781783e+00
-2.087073299371410950e+00 -4.463933590614678870e+00
-2.087131716398148651e+00 -4.508255488031394087e+00
-2.087316317813761479e+00 -4.552583852432749545e+00
-2.087388049818884372e+00 -4.597002481570834576e+00
-2.087531688204983471e+00 -4.641340802165914603e+00
-2.087620662992176968e+00 -4.685681640984308949e+00
-2.087815071444471204e+00 -4.730063983674054562e+00
-2.087890988089144972e+00 -4.774412145893188075e+00
-2.088055937613419122e+00 -4.818738395039112277e+00
-2.088244533537536363e+00 -4.863069308696570836e+00
-2.088455909834388891e+00 -4.907354117167601615e+00
-2.088667108419183904e+00 -4.951700823894717551e+00
-2.088813797639619718e+00 -4.996016889504346636e+00
-2.089017663875925024e+00 -5.040340379631321532e+00
-2.089226585706644990e+00 -5.084568161247963403e+00
-2.089519899263331926e+00 -5.128846728673422284e+00
-2.089730777433702169e+00 -5.173177292825028140e+00
-2.089958442499384450e+00 -5.217413850576322787e+00
-2.090294882446917413e+00 -5.261697307214115327e+00
-2.090535730545655557e+00 -5.305966548551808160e+00
-2.090815828303860702e+00 -5.350279231877021147e+00
-2.091089725725399973e+00 -5.394567841050392332e+00
-2.091365735728976549e+00 -5.438810451373351285e+00
-2.091680240428730020e+00 -5.483051201384816942e+00
-2.091916253442390072e+00 -5.527363640180946724e+00
-2.092257654060951211e+00 -5.571618480069830959e+00
-2.092533081069117618e+00 -5.615814723417522636e+00
-2.092862595200478459e+00 -5.660080919022338897e+00
-2.093178836244199204e+00 -5.704410910573466609e+00
-2.093478214751608668e+00 -5.748605609523622206e+00
-2.093815170940894088e+00 -5.792892074981805806e+00
-2.094112970780948046e+00 -5.837176920980131634e+00
-2.094483596732844344e+00 -5.881487904195295435e+00
-2.094802460824729540e+00 -5.925748115233695934e+00
-2.095147477761864163e+00 -5.970016951714515407e+00
-2.095415213145549238e+00 -6.014255410858382334e+00
-2.095766448513692204e+00 -6.058525602439176261e+00
-2.096146034814676540e+00 -6.102837063780608418e+00
-2.096412786826896468e+00 -6.147179727045260833e+00
-2.096798117171755571e+00 -6.191380742870504328e+00
-2.097076017378439072e+00 -6.235736813803677059e+00
-2.097476820947042686e+00 -6.279966005059585576e+00
-2.097797650881490839e+00 -6.324316163910215671e+00
-2.098115224040144167e+00 -6.368630767486789246e+00
-2.098475060394439762e+00 -6.412874197321068337e+00
-2.098825806374769343e+00 -6.457174704803733789e+00
-2.099133799143414247e+00 -6.501467895560233856e+00
-2.099443175848441090e+00 -6.545773481190551024e+00
-2.099819566546349492e+00 -6.590099988402107201e+00
-2.100174424053615763e+00 -6.634410485409193647e+00
-2.100458290824704033e+00 -6.678704000187410728e+00
-2.100797798221926804e+00 -6.723064678321397203e+00
-2.101158658806691282e+00 -6.767406510104798656e+00
-2.101461544776681123e+00 -6.811658573017406404e+00
-2.101865445968474688e+00 -6.856051245413764761e+00
-2.102166822263886292e+00 -6.900373462883492515e+00
-2.102552181429111045e+00 -6.944679835922906719e+00
-2.102827319965541175e+00 -6.989011324315600682e+00
-2.103232065878901214e+00 -7.033332109522127062e+00
-2.103483349533594726e+00 -7.077647755353144277e+00
-2.103839992828011152e+00 -7.122004376980912710e+00
-2.104240797003336105e+00 -7.166317339635285499e+00
-2.104576286316128808e+00 -7.210621620560930367e+00
-2.104831907398944324e+00 -7.255006671175705968e+00
-2.105235672456128082e+00 -7.299309172423213532e+00
-2.105526513360228780e+00 -7.343631281535754951e+00
-2.105838897229052709e+00 -7.387951310274403660e+00
-2.106201799985908618e+00 -7.432370081726519473e+00
-2.106535785215111645e+00 -7.476676806574110934e+00
-2.106835908545106939e+00 -7.521004314927949075e+00
-2.107191795991347316e+00 -7.565340516361052536e+00
-2.107576444012613681e+00 -7.609671599710199352e+00
-2.107902626141518354e+00 -7.654029661132447870e+00
-2.108166704824290250e+00 -7.698392819372123164e+00
-2.108528757808302068e+00 -7.742760368572021434e+00
-2.108833486148251612e+00 -7.787126220459865245e+00
-2.109153972145314970e+00 -7.831435370896491222e+00
-2.109497344438707511e+00 -7.875799971049471715e+00
-2.109842344994609320e+00 -7.920115539362365453e+00
-2.110149938029405092e+00 -7.964460705136182206e+00
-2.110529405913115220e+00 -8.008854300170270335e+00
-2.110791987375191692e+00 -8.053198401447222210e+00
-2.111127293859488052e+00 -8.097599890207876072e+00
-2.111467843869681893e+00 -8.141881252926731705e+00
-2.111785789428945570e+00 -8.186319540756301194e+00
-2.112132635277007786e+00 -8.230603564463576660e+00
-2.112458667460369810e+00 -8.275013556673020076e+00
-2.112792844272405990e+00 -8.319393787214819369e+00
-2.113112372980764597e+00 -8.363730207821928886e+00
-2.100186468482967861e+00 -8.363764827420046899e+00
-2.087220659639033471e+00 -8.363874941240956318e+00
-2.074317772468041277e+00 -8.363932635250533210e+00
-2.061339406030315846e+00 -8.363979262374286350e+00
-2.048399917372702994e+00 -8.364087398447921373e+00
-2.035485088300787115e+00 -8.364084787617091621e+00
-2.022532440227506001e+00 -8.364192147581340109e+00
-2.009595954925186501e+00 -8.364249836351149270e+00
-1.996667628984556409e+00 -8.364326135307727839e+00
-1.983748603693327839e+00 -8.364371849736182085e+00
-1.970800457722831966e+00 -8.364468120611183721e+00
-1.957858184991172923e+00 -8.364547314483381513e+00
-1.944929819606096011e+00 -8.364618057297098730e+00
-1.932014707088146821e+00 -8.364668762933636259e+00
-1.919078489265377607e+00 -8.364706750756344178e+00
-1.906112600750818897e+00 -8.364794747093231564e+00
-1.893226565980421272e+00 -8.364883684127390140e+00
-1.880297007226940043e+00 -8.364954997930311720e+00
-1.867351546274102603e+00 -8.364961851563521122e+00
-1.854441225506094915e+00 -8.365051619280311712e+00
-1.841528420170862379e+00 -8.365098941820376055e+00
-1.828550317974272810e+00 -8.365177121053786635e+00
-1.815666861012513733e+00 -8.365286993216294320e+00
-1.802691082172762638e+00 -8.365284195169982340e+00
-1.789771089850343166e+00 -8.365400895934286041e+00
-1.776840674853806368e+00 -8.365428211074357634e+00
-1.763898693780788562e+00 -8.365535971790263758e+00
-1.751009049317912458e+00 -8.365603821582897837e+00
-1.738002520849889709e+00 -8.365669561107379693e+00
-1.725096936632947608e+00 -8.365694551510836519e+00
-1.712218072697813787e+00 -8.365827262539479392e+00
-1.699202920470573641e+00 -8.365875672303559440e+00
-1.686321262618685868e+00 -8.365940530744943260e+00
-1.673398166630722717e+00 -8.365967095426883660e+00
-1.660479705319477084e+00 -8.366081023415178564e+00
-1.647479314157751729e+00 -8.366142520333919919e+00
-1.634551319124684987e+00 -8.366232311308509750e+00
-1.621691774093072524e+00 -8.366264923365218209e+00
-1.608731219311611449e+00 -8.366357909316818109e+00
-1.595802440848511639e+00 -8.366425567754710357e+00
-1.582915211260270461e+00 -8.366465773699687247e+00
-1.569977518320514909e+00 -8.366567613544159343e+00
-1.557027587507149091e+00 -8.366603910195514970e+00
-1.544045214979941516e+00 -8.366700799082392948e+00
-1.531120421970385559e+00 -8.366780976724156105e+00
-1.518235569155443887e+00 -8.366821554271627548e+00
-1.505299327585636560e+00 -8.366838386108197412e+00
-1.492394915714546633e+00 -8.366979861937975826e+00
-1.479417269908792187e+00 -8.367034254394026149e+00
-1.466519991633415509e+00 -8.367095963779489054e+00
-1.453547754637507072e+00 -8.367140699713733198e+00
-1.440633801835063066e+00 -8.367199503795339055e+00
-1.427715280962345012e+00 -8.367250467993036622e+00
-1.414811642041837070e+00 -8.367379574373179807e+00
-1.401841645652446955e+00 -8.367369790833391718e+00
-1.388938091276715303e+00 -8.367456807471150171e+00
-1.375962270272763188e+00 -8.367512590741819523e+00
-1.363080108588173855e+00 -8.367571070775090547e+00
-1.350153663856827890e+00 -8.367692548151836718e+00
-1.337245263469898582e+00 -8.367708380886266895e+00
-1.324268660684382315e+00 -8.367791321872616095e+00
-1.311345056327706926e+00 -8.367846583279572314e+00
-1.298392785153682061e+00 -8.367937770154046717e+00
-1.285517894748441803e+00 -8.368053772076667229e+00
-1.272537088704516650e+00 -8.368081053131165348e+00
-1.259631245647132136e+00 -8.368128500555986449e+00
-1.246677938213461179e+00 -8.368229503377039080e+00
-1.233763216805389140e+00 -8.368271910960222826e+00
-1.220864241682359630e+00 -8.368374188073701703e+00
-1.207892481676239305e+00 -8.368382530325989777e+00
-1.195004748720279064e+00 -8.368482579212853878e+00
-1.182041400373575968e+00 -8.368572680690796517e+00
-1.169139342294067685e+00 -8.368636434096977439e+00
-1.156232697568661205e+00 -8.368720689521333966e+00
-1.143327448167968940e+00 -8.368740897047677763e+00
-1.130416059343079871e+00 -8.368859215115172390e+00
-1.117450185541539520e+00 -8.368861463206473061e+00
-1.104499913861207272e+00 -8.368978817951918003e+00
-1.091565566677029642e+00 -8.369010705467266220e+00
-1.078668557919100879e+00 -8.369104863170624853e+00
-1.065752322610479919e+00 -8.369157438503091129e+00
-1.052852358419993362e+00 -8.369198291889709651e+00
-1.039876787821016002e+00 -8.369281423330187764e+00
-1.026980143043521476e+00 -8.369332007279611574e+00
-1.014069928725757297e+00 -8.369470479235868510e+00
-1.001065396337422309e+00 -8.369550251170146282e+00
-9.881841117474771119e-01 -8.369576544990794176e+00
-9.752830804162974099e-01 -8.369659661262737416e+00
-9.623670312148187023e-01 -8.369674332261585192e+00
-9.494279220137056274e-01 -8.369774582688080500e+00
-9.365207568628788337e-01 -8.369864472877029726e+00
-9.235201192294331118e-01 -8.369888231303159287e+00
-9.106622732877107662e-01 -8.370015913331661395e+00
-8.977297484405545314e-01 -8.370083020588685585e+00
-8.847925474418781855e-01 -8.370085872184713338e+00
-8.718950603387788378e-01 -8.370201437982421666e+00
-8.589396198333704158e-01 -8.370218980429203981e+00
-8.459974585335591213e-01 -8.370295308818191060e+00
-8.330565942825074455e-01 -8.370410730974086277e+00
-8.201459973712433849e-01 -8.370444876390862987e+00
-8.071883255599516804e-01 -8.370533541903212083e+00
-7.942750154080931990e-01 -8.370622409609319803e+00
-7.813800081757069638e-01 -8.370672872696344413e+00
-7.684099427825703543e-01 -8.370719075821485333e+00
-7.555495431457243116e-01 -8.370778910986432564e+00
-7.425603366440419739e-01 -8.370888901449346164e+00
-7.296578439773431235e-01 -8.370959447769921624e+00
-7.167770733844769371e-01 -8.371007793530527152e+00
-7.038095966389418257e-01 -8.371024163757821768e+00
-6.909038233835324005e-01 -8.371098179310344278e+00
-6.779505288216203240e-01 -8.371217042294388122e+00
-6.650985995203599899e-01 -8.371243660915769880e+00
-6.521706693302753433e-01 -8.371375035978369183e+00
-6.391858820776973316e-01 -8.371380599334869999e+00
-6.263200912360529227e-01 -8.371469899408001680e+00
-6.133357407085708868e-01 -8.371546488573633482e+00
-6.004167673014743078e-01 -8.371658745175283300e+00
-5.874958193648481819e-01 -8.371728200031217426e+00
-5.745585479356511982e-01 -8.371794521399500866e+00
-5.616766036967923981e-01 -8.371842598389005019e+00
-5.487122509276260995e-01 -8.371903968524023298e+00
-5.357945090492103324e-01 -8.371977819406488663e+00
-5.228763641354571279e-01 -8.372012122774167509e+00
-5.099958139557194681e-01 -8.372108016904574512e+00
-4.970304236502296469e-01 -8.372163750279881356e+00
-4.841771046829644320e-01 -8.372226999348177046e+00
-4.712049749466817872e-01 -8.372270252745083852e+00
-4.583141597579034054e-01 -8.372402826849043578e+00
-4.453609476378772025e-01 -8.372484275179784774e+00
-4.324497066954243185e-01 -8.372507723343275643e+00
-4.195506804441775373e-01 -8.372543026828719093e+00
-4.066002944429010779e-01 -8.372672296309785267e+00
-3.936483509381031864e-01 -8.372721306122485885e+00
-3.807674956975124481e-01 -8.372755143119405830e+00
-3.677951742359567566e-01 -8.372886241014468212e+00
-3.549541051055987717e-01 -8.372908112585022877e+00
-3.419862150253240030e-01 -8.373014903395723962e+00
-3.290723439445796261e-01 -8.373076796921525400e+00
-3.161211777483647345e-01 -8.373170692472008625e+00
-3.031948517612266247e-01 -8.373177936592522741e+00
-2.902682957663507701e-01 -8.373242214220200097e+00
-2.774122466505744566e-01 -8.373356636423743282e+00
-2.644956664168736094e-01 -8.373394032299870560e+00
-2.515724615825080113e-01 -8.373484808150712055e+00
-2.385973621863426430e-01 -8.373552043151212487e+00
-2.257090113224535510e-01 -8.373619477911960374e+00
-2.127794499184527399e-01 -8.373683865575083374e+00
-1.998760568001584914e-01 -8.373769380018886821e+00
-1.869655453763940378e-01 -8.373795094901664626e+00
-1.739746886777300272e-01 -8.373865234999939844e+00
-1.611104990841629725e-01 -8.374009223748201336e+00
-1.481626596328223522e-01 -8.374034840424089410e+00
-1.352405359210019087e-01 -8.374141404766902497e+00
-1.223168150957945760e-01 -8.374200349113348096e+00
-1.093914513288689883e-01 -8.374231415126578426e+00
-9.644979565185032855e-02 -8.374284677479206351e+00
-8.358260843430571907e-02 -8.374395829180132367e+00
-7.065843929374991672e-02 -8.374493896251133052e+00
-5.770069026855913913e-02 -8.374543333166769798e+00
-4.482854271394580425e-02 -8.374573778167434313e+00
-3.188949786470479664e-02 -8.374708268223297836e+00
-1.894630707811421205e-02 -8.374764909493409348e+00
-6.033758108386894255e-03 -8.374766184577579153e+00
6.893612607168525877e-03 -8.374896411055610557e+00
1.982481621733267821e-02 -8.374934882205268494e+00
3.270930799552866641e-02 -8.375024920821536156e+00
4.566226179751352310e-02 -8.375055377075943497e+00
5.856708602349648685e-02 -8.375156278823165934e+00
7.149502315732578217e-02 -8.375249079259372564e+00
8.436487306307152712e-02 -8.375279542775816211e+00
9.733050287102375242e-02 -8.375392939935634828e+00
1.102481486320206483e-01 -8.375403035265884810e+00
1.231412374310241753e-01 -8.375487302672759427e+00
1.360542610094876148e-01 -8.375613013474225710e+00
1.490104737166907112e-01 -8.375682977947390029e+00
1.619336606388941946e-01 -8.375708509070422636e+00
1.748331455769092380e-01 -8.375809228578853904e+00
1.877203839081680592e-01 -8.375869855700166511e+00
2.006713912186780524e-01 -8.375930860149521706e+00
2.135689635181568513e-01 -8.375998469556071413e+00
2.265261252931992098e-01 -8.376059902191011375e+00
2.394662242452626766e-01 -8.376166467904551993e+00
2.523301205368100875e-01 -8.376215095484376150e+00
2.652561557297112849e-01 -8.376292227835300253e+00
2.781535228127911541e-01 -8.376374370165288852e+00
2.911017771661844056e-01 -8.376444582105825987e+00
3.039943568131593388e-01 -8.376461414712091269e+00
3.169743791211683259e-01 -8.376613396111739718e+00
3.298767804246477420e-01 -8.376661673853261547e+00
3.428162582729006314e-01 -8.376710020277485569e+00
3.556849172890853006e-01 -8.376824682218897422e+00
3.686443426533549950e-01 -8.376823646317685501e+00
3.815499832737772046e-01 -8.376954980078027191e+00
3.944598807428189580e-01 -8.377025682391135319e+00
4.073648079150594126e-01 -8.377104209040471261e+00
4.202635089907091337e-01 -8.377176844118546128e+00
4.332472288648226977e-01 -8.377183491220451472e+00
4.461724295201240920e-01 -8.377316571983072890e+00
4.590570697158216085e-01 -8.377372514473266918e+00
4.719444755258881408e-01 -8.377464758008427381e+00
4.722608312457959312e-01 -8.333077737946435803e+00
